ETTh1_96  
mse:0.37909284234046936, mae:0.40285277366638184, rse:0.5848313570022583, corr:[0.27448827 0.27556947 0.27890918 0.27872834 0.2774562  0.2759983
 0.27375978 0.27236792 0.27102968 0.2710677  0.2707507  0.2717824
 0.27212542 0.27225313 0.27290997 0.27285567 0.27221456 0.27119243
 0.26948527 0.26722488 0.2681361  0.26793274 0.26788524 0.27004513
 0.26913908 0.26990825 0.2713854  0.27146098 0.27099043 0.2707882
 0.26995283 0.26871106 0.26697683 0.26725835 0.26696843 0.26684994
 0.26697057 0.26677886 0.2690845  0.26765954 0.26655582 0.26748702
 0.26762068 0.26728582 0.26591423 0.26498935 0.2648179  0.2643809
 0.26459137 0.26505297 0.26494837 0.2641572  0.26396438 0.26241878
 0.26131302 0.26235834 0.2622647  0.26243    0.26236722 0.2627048
 0.26145485 0.26263863 0.26344135 0.2626769  0.26238295 0.2628869
 0.26305476 0.26314032 0.26115626 0.26057428 0.25999597 0.2611547
 0.25891438 0.2596706  0.25868943 0.25677028 0.25675228 0.25577018
 0.25588292 0.25646994 0.25596324 0.2552335  0.25595397 0.25658482
 0.25743365 0.25685576 0.2574554  0.25808927 0.25697982 0.25718334
 0.25719762 0.25633714 0.25543466 0.25469178 0.25513172 0.2561447 ]

ETTh1_192  
mse:0.4081328213214874, mae:0.4174644947052002, rse:0.606677770614624, corr:[0.26642516 0.26709637 0.26874766 0.2696412  0.2680159  0.26589385
 0.2642904  0.26432064 0.26402575 0.26406524 0.26390263 0.26410037
 0.26353577 0.2631834  0.26275504 0.26281476 0.263268   0.26305056
 0.26228556 0.26145795 0.26146343 0.26068136 0.2604622  0.26095837
 0.26086247 0.2608163  0.26098332 0.26118204 0.26096684 0.2606264
 0.26003125 0.26010746 0.25977993 0.25954634 0.25945935 0.25999707
 0.25989094 0.26023775 0.26047108 0.26020336 0.26043552 0.26078352
 0.26093748 0.26073185 0.26056927 0.26030457 0.26044518 0.2606369
 0.26068035 0.2599551  0.2589422  0.2579992  0.2570225  0.25641766
 0.25535506 0.25524014 0.25516346 0.2551001  0.25501156 0.25523674
 0.25501603 0.25483522 0.2549573  0.2551558  0.2549823  0.25542316
 0.25569585 0.25544888 0.25530288 0.25548384 0.25578827 0.2556636
 0.25462312 0.25371283 0.2525172  0.2517004  0.25149095 0.2513226
 0.25082466 0.25024977 0.2500993  0.24956904 0.24983297 0.24939412
 0.24917054 0.24893625 0.24914916 0.24926601 0.24890016 0.24946228
 0.24972332 0.24951842 0.24938537 0.24924558 0.24942705 0.24988966
 0.25033006 0.2502922  0.25012526 0.24989131 0.25036946 0.25031635
 0.25017703 0.25017098 0.24990137 0.25003657 0.25045282 0.25045204
 0.24981639 0.24970348 0.24970773 0.2498204  0.24986105 0.2500807
 0.24995859 0.24982692 0.24987286 0.24996774 0.25014046 0.25008556
 0.24986166 0.24931377 0.24853376 0.24740016 0.24660207 0.2462283
 0.24617757 0.24646227 0.24604888 0.24624568 0.24608947 0.24596441
 0.24611238 0.24604186 0.24597736 0.24564798 0.24559858 0.2453386
 0.24532305 0.24569112 0.24514651 0.24552646 0.24561709 0.24547414
 0.2451236  0.24390697 0.24298587 0.24215682 0.24095461 0.24051513
 0.24081035 0.2409776  0.24114883 0.2412074  0.24155971 0.24209306
 0.24190153 0.24139772 0.241078   0.24113205 0.24069797 0.24046643
 0.24074407 0.24047337 0.240556   0.24036738 0.24134105 0.241262
 0.24129857 0.24108046 0.24145374 0.2410584  0.24153665 0.2410953
 0.24087231 0.24152474 0.24138166 0.24138157 0.24150112 0.24193798
 0.24197344 0.24109964 0.24101461 0.2407555  0.24117902 0.24154522
 0.24167196 0.24192117 0.24236606 0.24251465 0.24283785 0.24301346]

ETTh1_336  
mse:0.4725479483604431, mae:0.470643550157547, rse:0.6544477343559265, corr:[0.25883502 0.26044402 0.26142275 0.26047945 0.2574293  0.25345734
 0.25036943 0.2519928  0.24864668 0.24930018 0.25220975 0.25205073
 0.2516171  0.25213757 0.2517422  0.2498171  0.24805836 0.24886905
 0.24499968 0.24943121 0.24962795 0.24758591 0.2506149  0.25190857
 0.2486565  0.24973224 0.24839681 0.24758245 0.24692076 0.24749729
 0.24873655 0.24652605 0.24864405 0.24954171 0.24985565 0.25129217
 0.24995321 0.24654436 0.24825698 0.24532954 0.24766506 0.24843912
 0.24534373 0.24703877 0.24099459 0.24290088 0.24182957 0.24355868
 0.2439627  0.24365121 0.2407106  0.24094106 0.2401006  0.24042378
 0.24021327 0.23851213 0.23276956 0.23595566 0.23604749 0.23601077
 0.23723559 0.23718384 0.23860101 0.2394626  0.23953035 0.23760559
 0.23522946 0.23854415 0.23968212 0.2374902  0.2390688  0.23749462
 0.23591582 0.23600535 0.2325436  0.23649389 0.23487613 0.23267251
 0.2332374  0.23609403 0.23751077 0.23848896 0.23555903 0.23125283
 0.23500994 0.23140475 0.2367637  0.23129532 0.22841991 0.22758968
 0.23106503 0.23274072 0.2307042  0.23357153 0.23720607 0.23571706
 0.23736249 0.23756559 0.23799802 0.2380902  0.2387816  0.23954682
 0.23952153 0.23967828 0.23902103 0.24079858 0.23691913 0.2370508
 0.23765354 0.23480302 0.23408209 0.2343706  0.2326916  0.23190698
 0.23224783 0.23244171 0.23411392 0.23460215 0.23189329 0.22922826
 0.22925343 0.23017293 0.22934236 0.23151018 0.23009427 0.23027714
 0.23027205 0.22829165 0.23299928 0.23412232 0.2329977  0.23214944
 0.23493505 0.2334728  0.23171732 0.22721629 0.22668014 0.22512463
 0.22516268 0.2251645  0.2304306  0.22941379 0.22971204 0.23360042
 0.23020156 0.22938654 0.22699626 0.22857744 0.22787637 0.2295299
 0.22760005 0.23087114 0.23030499 0.2304633  0.23065495 0.23132984
 0.229727   0.22787973 0.22608404 0.22589387 0.22586338 0.22835046
 0.22741823 0.22998239 0.23010844 0.2316011  0.23079912 0.23033589
 0.23052095 0.23053148 0.23000094 0.22989322 0.22876306 0.22630255
 0.22502948 0.22604229 0.2245751  0.22512187 0.22918239 0.22881256
 0.23131073 0.22918177 0.22909404 0.2316931  0.23088244 0.23053266
 0.22987081 0.23194376 0.23296589 0.23081128 0.22838041 0.22294705
 0.22850423 0.22468689 0.22275665 0.2219404  0.21787004 0.22137609
 0.22145313 0.22944833 0.2256107  0.2291254  0.22589107 0.22840886
 0.22807035 0.22802761 0.22342879 0.2230832  0.2223904  0.22065823
 0.22135696 0.22140701 0.21995655 0.22035527 0.21912602 0.21277592
 0.21613702 0.21768735 0.21068126 0.2095305  0.2167563  0.2196974
 0.20972553 0.21194986 0.20752227 0.21570529 0.21268147 0.21375659
 0.2169203  0.21532986 0.21309324 0.20951404 0.21244843 0.21095672
 0.22035635 0.21895614 0.22505979 0.22500505 0.21876617 0.21209887
 0.2086115  0.21517852 0.21024545 0.20400442 0.2114525  0.20925441
 0.20828936 0.20749909 0.21845491 0.21694332 0.22099686 0.2214636
 0.21853222 0.22185703 0.22379407 0.22453748 0.22234996 0.21870725
 0.22481036 0.22351865 0.22371402 0.22415526 0.21873794 0.2146585
 0.22025621 0.22004865 0.21991055 0.21926786 0.22053324 0.21801957
 0.22248724 0.2217276  0.21542032 0.21556728 0.20558803 0.2077049
 0.21009095 0.21361883 0.21605825 0.21680105 0.21956465 0.22141427
 0.22355238 0.21969853 0.22203639 0.2216005  0.21236911 0.22172475
 0.21733907 0.22349116 0.22206895 0.22062247 0.22039461 0.22145121
 0.2227697  0.22767948 0.22463235 0.21998876 0.21626388 0.22026926
 0.2248827  0.22367457 0.22363247 0.22314517 0.21885437 0.22036281
 0.2211973  0.22503671 0.22368631 0.2241296  0.22420104 0.21966542
 0.21765964 0.2202897  0.21681444 0.22240847 0.22902945 0.22549346
 0.21958292 0.22591947 0.2243036  0.22195892 0.21847922 0.21732242
 0.22127855 0.22062549 0.22252412 0.22214107 0.2242589  0.22196783
 0.22284617 0.22334732 0.22002698 0.22203404 0.22340158 0.22286437]

ETTh1_720  
mse:0.4864855408668518, mae:0.49818748235702515, rse:0.6677085757255554, corr:[0.23172733 0.23340829 0.23509416 0.23598857 0.23463342 0.23251295
 0.23161922 0.23302768 0.23246731 0.23241118 0.23282298 0.23310974
 0.2314862  0.2298393  0.22900537 0.22959733 0.22984557 0.23032913
 0.23070288 0.22945522 0.23000821 0.23166482 0.23129494 0.23147339
 0.2317943  0.2316119  0.23152341 0.23117626 0.23065476 0.23082843
 0.23017053 0.22932285 0.2296316  0.22849111 0.2280319  0.22724809
 0.22701472 0.22841729 0.22857442 0.2287114  0.22877409 0.22783126
 0.22844131 0.22973187 0.23056157 0.23114392 0.23087515 0.22985925
 0.22925949 0.22947939 0.22856762 0.22753938 0.22769083 0.22753675
 0.22750027 0.2275384  0.22669393 0.2261606  0.2254837  0.22471355
 0.22376737 0.22394878 0.22342636 0.22525762 0.22589815 0.22628398
 0.2262948  0.22684567 0.22706346 0.22691348 0.22761565 0.22722116
 0.22575307 0.22536111 0.22407958 0.22381015 0.22287448 0.22243658
 0.22226092 0.22192746 0.2216389  0.2216289  0.22162446 0.22078578
 0.22123408 0.22144087 0.2213135  0.22053152 0.22036785 0.22080252
 0.22108707 0.22095901 0.22066562 0.2209355  0.22083719 0.22169204
 0.22196645 0.2230248  0.2239294  0.22458938 0.22495122 0.22568889
 0.22551838 0.22552755 0.22432947 0.22429745 0.22350854 0.2234617
 0.22358438 0.22359557 0.22232625 0.22361232 0.22398065 0.22437948
 0.22475244 0.22471273 0.22501498 0.22517729 0.22437765 0.22390951
 0.22309925 0.22328806 0.22307552 0.22298059 0.22311799 0.22288324
 0.22268921 0.22273816 0.22231492 0.2214837  0.2204837  0.22061731
 0.21992405 0.21998067 0.2187082  0.2186221  0.21849619 0.2191451
 0.21958332 0.21989973 0.22099492 0.2216832  0.2215413  0.22149293
 0.22052386 0.22005539 0.21967533 0.21948788 0.21907037 0.2184109
 0.2182182  0.21719037 0.2170487  0.21693918 0.21712293 0.21646468
 0.21703726 0.21650991 0.21621141 0.2159888  0.21555927 0.2168197
 0.21701582 0.2171764  0.21794997 0.21746358 0.21797524 0.21710235
 0.21624866 0.2169514  0.21761805 0.21881393 0.21897477 0.21958129
 0.21920453 0.21935174 0.21891496 0.21923523 0.21904203 0.21881104
 0.21755144 0.21767072 0.21760724 0.21724966 0.21749689 0.21824382
 0.21813715 0.21850811 0.21977255 0.22070922 0.22005494 0.22079122
 0.22041532 0.21976086 0.21887597 0.21875982 0.21847372 0.21815822
 0.2175556  0.21741101 0.21661773 0.21630459 0.21566106 0.21491557
 0.21436603 0.21426626 0.21434586 0.21487777 0.21614438 0.21616986
 0.21671844 0.21560459 0.21616842 0.21613063 0.21594007 0.21498169
 0.21466647 0.21359263 0.21285658 0.21253398 0.2115105  0.21220356
 0.21267574 0.21235922 0.21252456 0.21180087 0.21167888 0.2119493
 0.21122585 0.21130769 0.21110366 0.21094614 0.21021116 0.21048045
 0.21153897 0.21061005 0.21167691 0.2115114  0.21145906 0.2111647
 0.21122776 0.21133786 0.21022592 0.21220426 0.2123858  0.21326521
 0.2117802  0.21255964 0.21213347 0.21093243 0.21152307 0.21034169
 0.2107826  0.21097586 0.21119425 0.2119431  0.21120317 0.21109349
 0.21168336 0.21110967 0.2115036  0.21068586 0.20995235 0.20942794
 0.2095489  0.20920976 0.2101916  0.21014604 0.2113449  0.21044298
 0.21001373 0.21024516 0.21022424 0.20863448 0.20979664 0.21029538
 0.20936818 0.2098791  0.20958927 0.20931552 0.20952661 0.20959371
 0.20881915 0.20886111 0.20983185 0.2098985  0.20892541 0.20974605
 0.20881622 0.20908979 0.21017535 0.21184462 0.21192656 0.21270823
 0.21246578 0.21266237 0.21179126 0.2120738  0.2119849  0.21137156
 0.21128763 0.21041244 0.21187997 0.21148726 0.21051052 0.21067
 0.2116065  0.2110198  0.21068223 0.21174377 0.21173152 0.21207958
 0.21211734 0.21152723 0.21232897 0.21331027 0.21369602 0.21342055
 0.21342362 0.21244536 0.21159738 0.21090595 0.21080427 0.21034175
 0.21089937 0.21121505 0.21107775 0.21036077 0.21089    0.21090266
 0.21146758 0.21089718 0.21157388 0.21251287 0.21252638 0.2122307
 0.21182857 0.2121525  0.21083894 0.21142837 0.21149932 0.21324754
 0.21247019 0.2121306  0.2121782  0.21130386 0.21097016 0.21166468
 0.21004194 0.2101656  0.21187642 0.21175672 0.21197152 0.21184473
 0.21124835 0.21151797 0.21035334 0.20990606 0.2104355  0.21091665
 0.21158841 0.21179141 0.21140978 0.21160547 0.21231869 0.21220861
 0.21068583 0.2107329  0.20971109 0.20937422 0.20987365 0.20822978
 0.20897561 0.20835601 0.20826955 0.20886455 0.20859149 0.20846939
 0.20919679 0.2095593  0.20912847 0.20872082 0.2091017  0.20866254
 0.20909502 0.20966853 0.20999452 0.2104268  0.2114488  0.21024865
 0.20984387 0.20945491 0.20892133 0.20864236 0.20985258 0.21071781
 0.20960775 0.20955239 0.20890197 0.20827423 0.20768717 0.20932478
 0.20931382 0.2089214  0.2092929  0.21029454 0.21082737 0.21157318
 0.21169747 0.21139063 0.21135563 0.21266817 0.21225007 0.2113824
 0.21044782 0.21137157 0.21031854 0.20897321 0.20776217 0.20730059
 0.20765366 0.20733385 0.2066562  0.20773391 0.20804927 0.20709378
 0.20785604 0.20852406 0.20844674 0.20952405 0.20930889 0.20984834
 0.2091456  0.20951894 0.21043576 0.2112418  0.21001881 0.21051899
 0.21073897 0.21051499 0.21019496 0.20967072 0.20935155 0.20988798
 0.20871551 0.20863172 0.20760065 0.20655002 0.20591897 0.206262
 0.20718637 0.20678937 0.20574906 0.20489503 0.20684737 0.20622844
 0.20711029 0.20554274 0.2041312  0.20641485 0.20745578 0.20738529
 0.20575224 0.20605342 0.20528944 0.20678838 0.20573868 0.20732385
 0.20689875 0.20587069 0.20773742 0.20805661 0.20795015 0.20950556
 0.21007779 0.20919698 0.20971401 0.20929657 0.20905803 0.20947844
 0.21044637 0.20903642 0.2073344  0.20761302 0.208175   0.20745417
 0.20775674 0.20714965 0.20686832 0.20871913 0.20905456 0.20739548
 0.20534667 0.20514692 0.20603262 0.20521834 0.20650518 0.20581919
 0.20629758 0.20600343 0.2073901  0.2076772  0.20835781 0.2103457
 0.21004952 0.21051498 0.21159059 0.21172939 0.21109161 0.21144195
 0.2102167  0.20976198 0.20962967 0.20829584 0.20900525 0.20719242
 0.20706464 0.20684835 0.20791967 0.207771   0.2091106  0.20957263
 0.20893541 0.21028209 0.21044834 0.21002439 0.2105016  0.21154453
 0.21084659 0.21026963 0.21120605 0.21043605 0.21072923 0.21075258
 0.20976962 0.20965426 0.21025449 0.21016103 0.20949751 0.20967072
 0.20973739 0.20992464 0.20968297 0.20868637 0.20831785 0.2085428
 0.20927702 0.20996979 0.20930709 0.20935147 0.20988473 0.21000797
 0.20921703 0.20812486 0.20828052 0.20703568 0.20670266 0.20622343
 0.20629409 0.2067994  0.20603284 0.2062067  0.20596622 0.20493399
 0.20506978 0.2041868  0.20490387 0.2051212  0.20546651 0.20460804
 0.20540224 0.20508057 0.20532902 0.20595886 0.2062766  0.20561948
 0.20570204 0.20523283 0.20453477 0.20441972 0.20379668 0.20361716
 0.20392147 0.2032172  0.20327215 0.20334749 0.20405957 0.20356795
 0.20347276 0.20419    0.20449549 0.20311321 0.20328811 0.20234132
 0.20326814 0.20318696 0.20331287 0.20327142 0.20347317 0.20386368
 0.20313233 0.20227605 0.20124064 0.20219967 0.20229189 0.20219906
 0.20051402 0.20063236 0.2001556  0.19981776 0.19986203 0.1993804
 0.1997233  0.20031789 0.20017153 0.19991834 0.19987805 0.19908632
 0.19971469 0.19928193 0.19968319 0.1983319  0.19921353 0.19903839
 0.19908765 0.19882555 0.19959186 0.19917062 0.19908029 0.19785848
 0.19809452 0.19807613 0.19619738 0.19799358 0.19739628 0.19730547
 0.19710088 0.19555986 0.19639203 0.19615602 0.19554849 0.19504352
 0.19587323 0.1955459  0.19507656 0.19477254 0.19419469 0.19626728
 0.19659421 0.1961784  0.19611873 0.19674915 0.19630167 0.19675632
 0.19592015 0.19507915 0.19521147 0.19460501 0.1946785  0.194218
 0.19384739 0.19330612 0.19419713 0.19375385 0.19317535 0.19243945
 0.19308794 0.1936577  0.19380733 0.19319522 0.19372562 0.19290045
 0.19318978 0.19146912 0.19061449 0.18907392 0.18901552 0.18795663
 0.18732391 0.18730438 0.18757719 0.18720977 0.18762194 0.18719101
 0.18652423 0.18709852 0.18736051 0.18600172 0.18691106 0.18586867
 0.18659921 0.18731174 0.18709756 0.18795559 0.18778273 0.18867156
 0.18916604 0.18890056 0.18853028 0.18919374 0.18890329 0.18898167
 0.18853243 0.1880153  0.18755685 0.1871881  0.18671529 0.18630552
 0.18621717 0.18585262 0.18492162 0.18536761 0.185721   0.18626596
 0.18702634 0.18645498 0.18660146 0.18643308 0.18653673 0.18560335]

ETTh2_96  
mse:0.2964833080768585, mae:0.3592296242713928, rse:0.4388149380683899, corr:[0.28008446 0.27749035 0.2753091  0.27383736 0.272417   0.27069637
 0.2698663  0.26833153 0.2670911  0.26729044 0.26573673 0.26430747
 0.26243883 0.26046643 0.25947025 0.25957385 0.25902712 0.25874785
 0.2578697  0.25733727 0.25565892 0.25594562 0.25431564 0.25300154
 0.25046477 0.2483757  0.24633314 0.2451738  0.24415167 0.24160719
 0.24048296 0.23843051 0.23603728 0.23556574 0.23572311 0.23362225
 0.23287722 0.23313354 0.23171203 0.23105411 0.22867994 0.22888443
 0.22628683 0.2249553  0.22276309 0.22305673 0.22266553 0.22166392
 0.21953344 0.21745986 0.21752107 0.21510905 0.21569514 0.21368341
 0.2108186  0.20892726 0.20839174 0.20763662 0.20548803 0.20453933
 0.20500302 0.20277895 0.20395274 0.20449325 0.20514905 0.20453078
 0.20358212 0.20129442 0.20323701 0.2022273  0.20104599 0.19918437
 0.2000165  0.198288   0.19741851 0.19766113 0.19733776 0.19712675
 0.19473016 0.19384079 0.19095005 0.19379215 0.1930631  0.1884813
 0.19016771 0.18906096 0.19030498 0.18984008 0.18915832 0.18846603
 0.18692952 0.18445355 0.18701908 0.18788089 0.18745714 0.18709946]

ETTh2_192  
mse:0.3518395721912384, mae:0.3941469192504883, rse:0.47567814588546753, corr:[0.27258328 0.27055234 0.26876307 0.26708317 0.26591232 0.2640092
 0.2629878  0.26187456 0.2611099  0.25948736 0.2586386  0.25714967
 0.25539505 0.2546147  0.25369862 0.25351122 0.25337735 0.25355348
 0.25330448 0.25265545 0.2516184  0.25127867 0.25012714 0.24913675
 0.2466371  0.24401632 0.24212408 0.24039616 0.23920183 0.2375746
 0.23674142 0.23547803 0.23322895 0.23149827 0.23045492 0.22773172
 0.22785775 0.22578235 0.22538598 0.22526346 0.22462861 0.22427776
 0.22397722 0.22306943 0.22227174 0.22086172 0.21942502 0.2186559
 0.21628897 0.2141973  0.21200198 0.21170788 0.20923512 0.2075891
 0.20530517 0.20121914 0.20021357 0.19807367 0.19629648 0.19482729
 0.1955687  0.19512485 0.1946127  0.19441769 0.19407636 0.19323866
 0.19314331 0.19309694 0.19191055 0.19205804 0.19111459 0.18910867
 0.18731448 0.18721849 0.18395907 0.1841074  0.18363592 0.18383119
 0.18313669 0.18227606 0.1829463  0.18283205 0.18308939 0.18167959
 0.1819693  0.18340555 0.18291453 0.18347608 0.1831619  0.18161617
 0.18202524 0.18026538 0.1810886  0.18113725 0.18244179 0.18073171
 0.18107578 0.17906229 0.17729    0.17654629 0.17563829 0.17504549
 0.1729265  0.17475805 0.17462598 0.17431095 0.17276558 0.1735491
 0.17293912 0.1717357  0.17137557 0.17076379 0.16948308 0.1715373
 0.16859081 0.16710997 0.16863652 0.16641961 0.16654077 0.16415426
 0.16570623 0.16198064 0.16080594 0.15976565 0.15850553 0.15903272
 0.15753081 0.15617867 0.15457082 0.15470201 0.15287893 0.15344875
 0.15204503 0.15168592 0.15065064 0.15195055 0.15075178 0.15102297
 0.1516281  0.1516202  0.15339074 0.15292913 0.1524094  0.15009879
 0.14825182 0.14595222 0.1458188  0.14367838 0.14392519 0.14486365
 0.14671002 0.14400965 0.1426847  0.14177458 0.14260404 0.14079478
 0.13956778 0.14064011 0.14107881 0.14083572 0.14016607 0.1402554
 0.14026545 0.14354844 0.14108412 0.14216995 0.14081545 0.14050338
 0.13988137 0.13914567 0.13676122 0.13707654 0.13625836 0.13466184
 0.13526316 0.13312657 0.13321327 0.1326863  0.13041984 0.12875512
 0.12840138 0.12907313 0.1278195  0.12711515 0.1267258  0.12370663
 0.12630333 0.12470803 0.1262113  0.12676246 0.12860794 0.12905474]

ETTh2_336  
mse:0.44606390595436096, mae:0.45887693762779236, rse:0.5339961051940918, corr:[0.26832306 0.26605615 0.26451585 0.26373532 0.26226306 0.260967
 0.25984183 0.25911078 0.25834212 0.25675696 0.2558547  0.25388595
 0.25232774 0.25096193 0.24998097 0.24933352 0.24898651 0.24906434
 0.24731012 0.24649352 0.24521968 0.24523728 0.24359146 0.24247392
 0.24078624 0.23840566 0.2376657  0.23759232 0.23561573 0.23486124
 0.2333765  0.23206586 0.23126692 0.22927761 0.22872834 0.22804976
 0.22685972 0.22534671 0.22414647 0.22266692 0.22251962 0.22169712
 0.22175898 0.22141705 0.22038685 0.21951167 0.2185341  0.21672733
 0.21390826 0.211645   0.2100004  0.20890805 0.20642594 0.20555001
 0.20443162 0.20038104 0.19897898 0.19656223 0.19694631 0.1956483
 0.19448443 0.19304556 0.19377166 0.19305144 0.19344783 0.19257908
 0.19128583 0.1895664  0.18863125 0.18756555 0.18647754 0.1865896
 0.18649898 0.18535198 0.18534225 0.1838371  0.18209705 0.18589076
 0.18570018 0.18279812 0.1824728  0.1835619  0.18348925 0.1832022
 0.18217169 0.18046318 0.18037526 0.18120977 0.18187986 0.17888086
 0.18056566 0.17842302 0.17750102 0.17744388 0.17938663 0.17765565
 0.17899796 0.17742328 0.17726389 0.1751753  0.17776313 0.17619443
 0.17397745 0.17569987 0.17371579 0.17592052 0.17732261 0.17514735
 0.17467457 0.17316106 0.17134628 0.17309299 0.17346507 0.17097548
 0.17309053 0.17085767 0.1693737  0.16774814 0.16698144 0.16800629
 0.16783054 0.16433951 0.16299978 0.16519772 0.1646399  0.16303572
 0.16234843 0.16265495 0.16247626 0.16196081 0.1609757  0.15804312
 0.15816794 0.15768275 0.15797044 0.15602967 0.15618323 0.15593047
 0.14993818 0.15297955 0.15632506 0.15350859 0.15548612 0.15323766
 0.15458238 0.15006205 0.15128265 0.14716125 0.15131895 0.1528639
 0.14942797 0.14650422 0.14591645 0.14896336 0.14882237 0.149124
 0.14673848 0.1477828  0.1491165  0.14970963 0.14877477 0.14788155
 0.14272723 0.14581601 0.14545736 0.14700042 0.14770795 0.14668284
 0.14778866 0.14364408 0.14333259 0.14346994 0.14325628 0.14299695
 0.13990705 0.13765591 0.13540658 0.1336363  0.1368698  0.13542812
 0.13665166 0.13685389 0.13459732 0.13577576 0.13601044 0.13603917
 0.1346731  0.13672303 0.13528885 0.13565467 0.13601293 0.13540044
 0.13413085 0.13147432 0.13114639 0.13291828 0.13192604 0.1361837
 0.13572435 0.13506438 0.13397278 0.13270831 0.13280417 0.13342442
 0.13533264 0.13246965 0.13146162 0.13322704 0.13699587 0.13865699
 0.13606933 0.1346704  0.13708001 0.1370709  0.13652746 0.13562803
 0.13559847 0.13266891 0.13227034 0.12941754 0.13321863 0.13222957
 0.13065301 0.13102502 0.13390556 0.13104749 0.13010363 0.13199915
 0.1319233  0.1317491  0.13129266 0.12904252 0.13004433 0.12964334
 0.1295197  0.13240547 0.13327757 0.13404918 0.13328698 0.13528319
 0.13137828 0.13045026 0.12916449 0.12796164 0.12978368 0.12934
 0.12921911 0.1263883  0.12722029 0.12850876 0.12793699 0.12866755
 0.13024797 0.12941855 0.1297294  0.1301122  0.13099754 0.12993596
 0.12992164 0.13169646 0.13134621 0.13456467 0.13361216 0.1356385
 0.13579269 0.13469492 0.13494153 0.13426973 0.13481437 0.13471335
 0.13416964 0.13335024 0.13374235 0.13305974 0.1329631  0.1326178
 0.13089104 0.133041   0.13398887 0.13301092 0.1336266  0.13377193
 0.13393722 0.1322336  0.13585913 0.136333   0.13644433 0.13646883
 0.13671388 0.1355453  0.13545571 0.13565691 0.13669986 0.13638777
 0.13530602 0.13498473 0.13589753 0.13825333 0.13727821 0.13742647
 0.13695931 0.1379696  0.13843696 0.1373681  0.13725121 0.13697381
 0.13804398 0.13826919 0.13860954 0.13890977 0.13830717 0.13828284
 0.13836397 0.13674119 0.1385601  0.13725106 0.13613194 0.13607538
 0.1354508  0.13558815 0.13490905 0.13614236 0.13595937 0.13666312
 0.13756767 0.13800552 0.13864143 0.13815661 0.13792151 0.1384846
 0.13645324 0.13751474 0.13833654 0.1384831  0.13995658 0.14017878]

ETTh2_720  
mse:0.7128123044967651, mae:0.6034073829650879, rse:0.6748283505439758, corr:[0.22558996 0.22344966 0.22185604 0.22072877 0.21947183 0.21796556
 0.2167404  0.21629581 0.21520086 0.21461964 0.21329938 0.21186231
 0.21036127 0.20974135 0.20914204 0.20893677 0.20772275 0.20765169
 0.206907   0.20532192 0.20491272 0.203736   0.20363271 0.20287754
 0.20066725 0.1989491  0.19467103 0.19546933 0.19547254 0.19541162
 0.19549257 0.1946208  0.19293669 0.19215046 0.19011627 0.18951511
 0.18875396 0.18917169 0.18805258 0.18724656 0.18687913 0.18635064
 0.18580668 0.18462528 0.18330562 0.18194225 0.18157329 0.17951633
 0.17877935 0.1775467  0.17537534 0.17402308 0.17299995 0.17236915
 0.17039265 0.16843677 0.16811177 0.16935709 0.16818891 0.16513029
 0.16770451 0.16829088 0.16844715 0.16622806 0.16929428 0.17009789
 0.17025541 0.16793899 0.16866001 0.16819322 0.16778012 0.16917484
 0.168989   0.16813459 0.16787791 0.16656269 0.16515608 0.1630846
 0.16522455 0.16288586 0.16659774 0.16626959 0.16706857 0.16645397
 0.16554153 0.16752985 0.16657689 0.16820645 0.16710809 0.16826999
 0.1670065  0.16670355 0.16759317 0.16893205 0.16829163 0.1703992
 0.1710603  0.1697659  0.17011017 0.16982107 0.16828695 0.16744062
 0.16766639 0.16683868 0.16844599 0.16674085 0.16633281 0.16806059
 0.16334482 0.16787004 0.16719389 0.16898642 0.16724132 0.1679559
 0.16667974 0.16411619 0.16495931 0.1661125  0.16154692 0.16308112
 0.16422418 0.16255169 0.16140337 0.15944658 0.15973336 0.15871377
 0.16241811 0.15907972 0.15811844 0.15914075 0.15688309 0.1576325
 0.15841317 0.15654057 0.1575911  0.15724584 0.15795456 0.15915285
 0.15778084 0.1561286  0.15568715 0.15702522 0.15631446 0.1555874
 0.15445171 0.15450102 0.15453146 0.15371968 0.15316857 0.15519659
 0.15065698 0.15293607 0.15098317 0.15167496 0.14948967 0.14696097
 0.14771536 0.14666013 0.14372006 0.14458127 0.14334133 0.14553319
 0.14658764 0.14377639 0.14467086 0.1387253  0.14408849 0.14490287
 0.1433279  0.14257365 0.14064011 0.1421951  0.1428351  0.1407734
 0.14376919 0.14156266 0.13806656 0.14282998 0.13715947 0.14137489
 0.13877128 0.13498579 0.13452052 0.13682875 0.138414   0.13497154
 0.13362853 0.13361965 0.1334333  0.13484675 0.13436791 0.13615899
 0.13472825 0.13248709 0.13421965 0.13720326 0.13629405 0.1342564
 0.13557959 0.13223796 0.13463601 0.13478175 0.13430956 0.1302688
 0.1328907  0.13407011 0.13587773 0.13439327 0.13633963 0.13815898
 0.14022492 0.14044517 0.13835517 0.14132904 0.14011307 0.13511103
 0.13374262 0.13607518 0.13405646 0.13658035 0.13143666 0.13223304
 0.13347712 0.13537101 0.14164454 0.14064848 0.14210092 0.14203545
 0.14084297 0.14216521 0.14127572 0.14233442 0.1426816  0.14720917
 0.14165305 0.14004098 0.14201437 0.14543046 0.14433219 0.14587939
 0.14677137 0.14574975 0.1452521  0.14985442 0.14725469 0.14786498
 0.14899182 0.14950415 0.15001862 0.1535585  0.1512101  0.14889905
 0.15148793 0.15401994 0.15309751 0.15335932 0.15780604 0.1574217
 0.1582465  0.15713261 0.15751524 0.16016819 0.15843019 0.157469
 0.160038   0.15773179 0.15734236 0.16157238 0.1599011  0.16078678
 0.15966116 0.1616718  0.16475487 0.16655318 0.16493297 0.1673789
 0.16369995 0.16601788 0.16491766 0.16399285 0.16227758 0.16673444
 0.16498214 0.16575639 0.16663846 0.16517034 0.16411191 0.16803654
 0.1661429  0.16928811 0.16701517 0.16597761 0.16661686 0.16514084
 0.16503687 0.16362444 0.16457894 0.16565263 0.16779098 0.16810986
 0.16637492 0.16582188 0.16706958 0.16531906 0.16605932 0.16575296
 0.16718936 0.16825002 0.1708574  0.1678665  0.16873609 0.16827412
 0.1669097  0.16782255 0.16972548 0.17168283 0.16817793 0.16656457
 0.16324045 0.16883495 0.16737422 0.17028633 0.17228182 0.17347957
 0.17006724 0.17078614 0.1719675  0.17170344 0.1737184  0.17228389
 0.17083535 0.17086253 0.17215335 0.1689296  0.17153856 0.1731943
 0.17534938 0.17176743 0.17068622 0.17858002 0.17534359 0.17623097
 0.17320901 0.17582567 0.17803012 0.17487119 0.1774724  0.17880572
 0.17624956 0.1781603  0.17730713 0.17652969 0.17507692 0.17578608
 0.17927824 0.17883876 0.17975746 0.17762585 0.17935099 0.176697
 0.17809507 0.17519762 0.17860094 0.17760515 0.17418835 0.17724672
 0.17430238 0.17942823 0.17894113 0.17815995 0.17856556 0.18000896
 0.17888512 0.17823654 0.18087278 0.18056637 0.17976215 0.17865373
 0.17985147 0.17985077 0.1789459  0.17988488 0.17818838 0.17863125
 0.17871599 0.17874023 0.17758866 0.17724109 0.17784394 0.17950054
 0.17953365 0.17992258 0.18142124 0.17998248 0.17910925 0.18346883
 0.18202224 0.18163595 0.17872821 0.18038893 0.18028031 0.17862247
 0.17902043 0.17856474 0.17900094 0.17963907 0.17892885 0.17967863
 0.1796394  0.17794247 0.17746414 0.17254063 0.1758821  0.17486991
 0.1763856  0.17339142 0.17439502 0.17289159 0.17579494 0.17391899
 0.17603265 0.17824377 0.17619897 0.17638583 0.17460847 0.17387792
 0.17178594 0.1689918  0.17100328 0.16744526 0.17080967 0.16710827
 0.16439234 0.16821155 0.16630971 0.1644099  0.16705486 0.16467233
 0.16627397 0.16285023 0.15696466 0.1492908  0.1567225  0.14940599
 0.16310899 0.15999524 0.15986334 0.14801803 0.16319701 0.16441004
 0.16390634 0.16586696 0.16985303 0.16470945 0.16666177 0.16529304
 0.16487752 0.16367632 0.1656976  0.16069189 0.1687166  0.16059875
 0.167448   0.15902682 0.17173228 0.15493596 0.16868266 0.16850467
 0.16780904 0.15183392 0.16286014 0.14324199 0.15953073 0.16588217
 0.16666076 0.16510722 0.16337124 0.16267285 0.16405521 0.15903707
 0.16182837 0.16340105 0.16574417 0.16550107 0.1622159  0.15942378
 0.16130242 0.15932685 0.14256144 0.15903792 0.1435862  0.15380816
 0.15104376 0.148117   0.14540371 0.15645854 0.15726048 0.15384695
 0.14262475 0.1556965  0.15297543 0.1521289  0.15368949 0.1589519
 0.15508883 0.14864929 0.14986867 0.14123967 0.1515069  0.14704457
 0.15521894 0.15214862 0.15302745 0.13871539 0.1444236  0.1431883
 0.14452147 0.14257969 0.13599461 0.14173193 0.1443432  0.13838762
 0.13864934 0.13555145 0.13933432 0.13428481 0.13030358 0.12857968
 0.12982889 0.13207857 0.1325037  0.13621391 0.13126169 0.12930903
 0.13092712 0.13160264 0.12772208 0.12741782 0.12670393 0.12064707
 0.12811258 0.12136187 0.1148335  0.11947871 0.12407023 0.12101226
 0.11899115 0.11229416 0.112757   0.10880635 0.10356975 0.1071771
 0.10527236 0.10264619 0.10488832 0.10097654 0.10260491 0.10238336
 0.0966346  0.10031857 0.0921456  0.09864502 0.09500468 0.1054988
 0.10343831 0.0956227  0.09730196 0.08592062 0.10281779 0.08920476
 0.08932944 0.09671348 0.10222893 0.09444906 0.09485517 0.09451392
 0.0978911  0.09705807 0.09949377 0.09565361 0.09261291 0.0927854
 0.08683532 0.0826964  0.08602043 0.08428091 0.08468275 0.0827369
 0.07605828 0.07793288 0.08086477 0.07840615 0.08572306 0.08668794
 0.08529098 0.07405526 0.08231161 0.08185278 0.07685949 0.07748204
 0.07750554 0.07320065 0.057742   0.06111932 0.07280745 0.07007893
 0.06982062 0.06803193 0.06314059 0.06383789 0.06130723 0.06259733
 0.05615798 0.06093664 0.05918528 0.0644891  0.06236438 0.06446563
 0.06084841 0.06129003 0.062544   0.04948391 0.06155735 0.06187026
 0.04489997 0.05515857 0.05254658 0.04288868 0.05587785 0.05817737
 0.05962434 0.05906033 0.0538718  0.05195063 0.05645234 0.05790439
 0.05931177 0.05452622 0.05288252 0.04521469 0.05835008 0.05750064
 0.0613012  0.05999664 0.04940367 0.04960505 0.05472106 0.05927771
 0.05896656 0.05502808 0.05374598 0.04775772 0.05170352 0.04065557
 0.05319392 0.05090573 0.06042415 0.04592923 0.05552211 0.04962783
 0.0586735  0.06159009 0.0534164  0.0550098  0.05897099 0.05995858
 0.05294646 0.04817035 0.04725932 0.04201268 0.03796976 0.04634137
 0.04311046 0.04238688 0.04588817 0.05022269 0.04507338 0.05319536
 0.04131292 0.05262676 0.04776161 0.04900431 0.04322692 0.0472935
 0.03174694 0.04354143 0.04763233 0.04300629 0.05497849 0.04263171
 0.04492929 0.03139965 0.04672189 0.0467607  0.04859627 0.04688466
 0.0440069  0.04688145 0.04935037 0.03764247 0.04340192 0.04175224
 0.04166324 0.03653774 0.03716213 0.02356154 0.02856428 0.02464435
 0.026043   0.02170605 0.0232971  0.02637188 0.02824872 0.02774037
 0.03239202 0.02367051 0.02349923 0.02804781 0.01931004 0.01647647]

ETTm1_96  
mse:0.3076745867729187, mae:0.3532087504863739, rse:0.5278100967407227, corr:[0.5571194  0.5560952  0.5558334  0.5566831  0.5561213  0.55583185
 0.5563666  0.554966   0.5556039  0.5566154  0.5566756  0.5576656
 0.55696666 0.5560691  0.55654985 0.5540765  0.55391544 0.5513061
 0.55005383 0.54766154 0.5463687  0.5443703  0.5423989  0.54060173
 0.5390345  0.5377302  0.53612894 0.5351981  0.5348702  0.5342844
 0.53434783 0.5343148  0.5346665  0.5349131  0.5346666  0.53526986
 0.5344668  0.53524035 0.5347728  0.5370051  0.5359621  0.5362053
 0.5368715  0.53686184 0.53807217 0.5393239  0.5390088  0.5395202
 0.5402128  0.54107815 0.5399629  0.5398931  0.5390946  0.5396636
 0.5396156  0.5409437  0.54043543 0.5396557  0.54091924 0.540304
 0.5395938  0.5404486  0.5399175  0.5400129  0.540184   0.5393212
 0.53993815 0.53976107 0.5396862  0.53966814 0.53993607 0.5391777
 0.540104   0.53947103 0.5392093  0.539453   0.53956926 0.539028
 0.53895265 0.538187   0.53704923 0.5379144  0.5368429  0.5377295
 0.536288   0.5362558  0.5359385  0.53503627 0.5351467  0.5348546
 0.53491634 0.53561604 0.5352697  0.5349619  0.535133   0.5346097 ]

ETTm1_192  
mse:0.34062281250953674, mae:0.3717959225177765, rse:0.5555695295333862, corr:[0.55437803 0.5535431  0.552737   0.55226386 0.5514789  0.55077237
 0.551239   0.5511493  0.55215704 0.5523963  0.5523609  0.5531349
 0.55275446 0.55261815 0.5518046  0.5509326  0.54893947 0.5471994
 0.54542947 0.5432387  0.54208696 0.5401223  0.5386635  0.536321
 0.5345159  0.53294665 0.53232616 0.5318948  0.53109163 0.53080004
 0.53078836 0.53116333 0.5319663  0.53193986 0.533077   0.53273183
 0.5327304  0.5327307  0.5327824  0.53361416 0.5327411  0.53351325
 0.5333569  0.53425294 0.5345386  0.53577775 0.5362704  0.53675807
 0.5373138  0.5371299  0.5372805  0.53655666 0.5368874  0.5366291
 0.5365396  0.5367522  0.53705686 0.53658974 0.53672844 0.5361285
 0.5362828  0.53589123 0.5360159  0.53584814 0.53531337 0.5353843
 0.53606623 0.53589725 0.5365128  0.5363129  0.53711313 0.5356866
 0.53639984 0.53602016 0.5359758  0.53493047 0.53585225 0.5359279
 0.5360319  0.5354238  0.53542715 0.5351694  0.5357057  0.5353562
 0.53508085 0.5341277  0.53362834 0.5343519  0.53338003 0.53331584
 0.5334926  0.53376675 0.5339271  0.5332016  0.53309274 0.53264755
 0.53191376 0.53082436 0.5302426  0.52999824 0.52904224 0.5287425
 0.528727   0.5278671  0.5284457  0.5285935  0.52802426 0.52760184
 0.5276845  0.52773285 0.52793276 0.52730066 0.527093   0.5263639
 0.52657044 0.5257534  0.52496344 0.52530366 0.524959   0.5244939
 0.524876   0.5244314  0.524681   0.5247662  0.5236008  0.5238014
 0.52348256 0.52378285 0.523699   0.5247218  0.52471405 0.5251793
 0.52506554 0.52546597 0.5248943  0.5263382  0.52695656 0.5260243
 0.52742386 0.52661794 0.52703404 0.5273096  0.5283148  0.52885246
 0.52936035 0.52914715 0.52926415 0.52937454 0.5299997  0.5289932
 0.52988684 0.5292381  0.5301843  0.5293955  0.5296823  0.5294905
 0.52975225 0.5297091  0.5294144  0.5297889  0.5293335  0.5296329
 0.52973425 0.53002584 0.52935034 0.53016937 0.5297054  0.5298654
 0.53013664 0.53038335 0.5304062  0.53006196 0.5305681  0.5300967
 0.52972436 0.5302222  0.5301888  0.5301101  0.5293576  0.52900505
 0.5287706  0.52915126 0.52931523 0.5287308  0.52885026 0.52827793
 0.52854043 0.5290264  0.5283134  0.52923405 0.5286587  0.52815   ]

ETTm1_336  
mse:0.3850800096988678, mae:0.40296471118927, rse:0.5905053019523621, corr:[0.5500693  0.5485787  0.54850346 0.5478361  0.54691046 0.547662
 0.5467882  0.5478969  0.54893625 0.5482378  0.5480632  0.54701716
 0.54631716 0.5455155  0.54453975 0.54274285 0.54362226 0.5387874
 0.53852254 0.5370492  0.53562504 0.53343993 0.5312091  0.5297541
 0.5285083  0.52940416 0.52726537 0.5258456  0.52656573 0.5274467
 0.5273694  0.5266676  0.5285633  0.5276846  0.5265955  0.5264808
 0.52875274 0.5274774  0.5262329  0.5254597  0.52622104 0.5270269
 0.52449346 0.5253462  0.52489024 0.5253623  0.5270618  0.52699155
 0.52860254 0.5288751  0.52826184 0.5268502  0.5272115  0.5268651
 0.52726686 0.52647704 0.5270012  0.5238924  0.5266817  0.5258042
 0.527814   0.5274796  0.5250429  0.52840424 0.5252756  0.52660716
 0.52613044 0.526994   0.52734524 0.5276626  0.52670074 0.5270956
 0.5265705  0.52704716 0.5257707  0.5274499  0.52592915 0.5281121
 0.52671796 0.52820396 0.52559835 0.5244522  0.525983   0.5220647
 0.52277523 0.52380747 0.5234699  0.5235401  0.5229334  0.52332336
 0.5235333  0.5229537  0.524096   0.525207   0.5236215  0.52260983
 0.5190752  0.5193278  0.5201345  0.5204247  0.5182438  0.51773804
 0.5160473  0.5193505  0.5184031  0.5177891  0.51820534 0.52012223
 0.51733875 0.5173     0.5184942  0.5200896  0.51762676 0.516509
 0.5160311  0.51570046 0.51633686 0.515586   0.5146149  0.51346415
 0.51504785 0.51458794 0.51495755 0.5132261  0.513177   0.5156049
 0.51516736 0.5148208  0.51705253 0.5150132  0.51663953 0.5158179
 0.516669   0.5165452  0.51378345 0.517256   0.5153002  0.5150554
 0.51749176 0.51690334 0.5180334  0.5202728  0.5184915  0.5185062
 0.5174776  0.52044415 0.51812303 0.5199921  0.51938283 0.51728326
 0.51831025 0.5187698  0.51888025 0.52114034 0.51969296 0.5187235
 0.520039   0.5195185  0.5186489  0.5201861  0.5192226  0.5200543
 0.5204488  0.5209715  0.51993763 0.5193216  0.52076894 0.51940876
 0.5199372  0.52038693 0.5184538  0.52020234 0.5203536  0.5196545
 0.5187148  0.51912683 0.5173733  0.51975954 0.5172664  0.5156464
 0.5157123  0.5161572  0.5162636  0.5175627  0.5178423  0.51708806
 0.5174454  0.51743376 0.51925987 0.51752466 0.5184839  0.51657087
 0.5166678  0.5169712  0.51768774 0.5145886  0.51542145 0.513254
 0.51419127 0.51315904 0.5137277  0.51266724 0.5130416  0.5117017
 0.51157856 0.5109979  0.5091315  0.51180226 0.50970775 0.5093757
 0.51092887 0.51004404 0.5096615  0.50781775 0.5080892  0.5045517
 0.50530875 0.5037885  0.50748193 0.5059693  0.50784814 0.5064542
 0.50397277 0.50677115 0.5063322  0.5064368  0.5073875  0.50790673
 0.5087777  0.507578   0.5078648  0.50747395 0.5090408  0.5059967
 0.5073602  0.5089283  0.50701505 0.509208   0.510371   0.5093851
 0.50969964 0.5084948  0.5081967  0.5084979  0.5084625  0.50821537
 0.5089826  0.5094202  0.50754935 0.5080127  0.5082929  0.5062622
 0.50689054 0.50866735 0.5073054  0.5069391  0.5070472  0.50919014
 0.5085602  0.50842595 0.50649107 0.50926054 0.5070145  0.50679386
 0.5086261  0.50860715 0.50849015 0.50730157 0.5082548  0.5076231
 0.5088463  0.5079624  0.50867563 0.50719    0.50769037 0.5082301
 0.5087339  0.50567377 0.5057598  0.50786835 0.50769514 0.5078277
 0.5072935  0.5083202  0.50684285 0.5071548  0.5076914  0.5074762
 0.5052701  0.50322336 0.50358886 0.5038032  0.5028078  0.5004944
 0.50157857 0.500979   0.5016741  0.5016107  0.5002264  0.49847677
 0.50112355 0.49776304 0.500307   0.4995887  0.49883503 0.49986935
 0.4984792  0.49685168 0.498959   0.4976525  0.49805805 0.49391422
 0.49578482 0.4948908  0.49441686 0.49521923 0.49589166 0.49652973
 0.49398687 0.4954378  0.49486065 0.49621966 0.49540508 0.49661842
 0.49525183 0.49671635 0.49664387 0.49491465 0.4943802  0.49312463
 0.4925366  0.49362296 0.49324358 0.49410486 0.49572986 0.49295062]

ETTm1_720  
mse:0.44083020091056824, mae:0.43821462988853455, rse:0.6316935420036316, corr:[0.53449607 0.534164   0.53513265 0.533483   0.5345669  0.5349072
 0.53267395 0.53488153 0.5334074  0.5316265  0.5337835  0.53219956
 0.53286946 0.532597   0.53022766 0.5280501  0.5259728  0.5247854
 0.5226006  0.519155   0.5194422  0.51837707 0.51632535 0.51546896
 0.5109563  0.50845397 0.506556   0.50948966 0.5091135  0.50696445
 0.50806063 0.50890553 0.5080945  0.51079273 0.51007855 0.51142114
 0.51080894 0.5094299  0.5096411  0.5096958  0.5109015  0.51084757
 0.5128265  0.5130433  0.5133715  0.5128848  0.5129285  0.51342076
 0.51538396 0.5143953  0.5146051  0.5137295  0.51224065 0.512378
 0.5118345  0.51066464 0.51110786 0.5114611  0.5095342  0.51193225
 0.5103569  0.5080526  0.5083535  0.50872654 0.5077314  0.5064606
 0.5083878  0.50826055 0.50776345 0.50863224 0.5089879  0.5092033
 0.50725424 0.5084665  0.5055908  0.50700045 0.50762546 0.5071525
 0.5092214  0.5062021  0.509331   0.50734586 0.5075794  0.5054851
 0.50527984 0.50803894 0.50533205 0.5060832  0.5072628  0.5061515
 0.5092407  0.5080564  0.5079247  0.5084524  0.5067496  0.5066943
 0.5069555  0.50723577 0.5051369  0.5043678  0.505676   0.5064178
 0.50685394 0.50443095 0.5055592  0.506569   0.5023939  0.5042689
 0.5052445  0.50475377 0.50331986 0.50475985 0.50225586 0.50162005
 0.50344247 0.50381035 0.5017871  0.50146717 0.5009427  0.5008328
 0.500662   0.49951056 0.49935168 0.49897346 0.49846354 0.498353
 0.49855796 0.4975481  0.4986284  0.49784204 0.5017206  0.50123084
 0.50169766 0.50101227 0.50012696 0.5006791  0.49952918 0.5018747
 0.49999857 0.50017506 0.5014277  0.5028905  0.5002414  0.5020966
 0.50486743 0.50234216 0.5027245  0.5018158  0.5022422  0.5001303
 0.49939552 0.5013735  0.5021683  0.50085944 0.50060546 0.5031486
 0.50302553 0.5040989  0.50300103 0.50297606 0.50320506 0.50232494
 0.5031158  0.5021204  0.50441796 0.50293297 0.5038772  0.503856
 0.504253   0.5049148  0.5034514  0.50455266 0.50581074 0.5054792
 0.50350225 0.50502235 0.5046546  0.5034339  0.50224423 0.5052145
 0.50175464 0.5042818  0.5013508  0.50055164 0.5020892  0.50376225
 0.49976802 0.50336236 0.5026691  0.50053596 0.5032953  0.49940538
 0.50145596 0.4992574  0.5008903  0.49868694 0.49739307 0.49972346
 0.49749026 0.49589992 0.49637732 0.49544242 0.4940758  0.49576452
 0.4917446  0.49332672 0.49110496 0.48998028 0.48942512 0.49004558
 0.4901328  0.4874905  0.4871884  0.48735556 0.48730624 0.48662344
 0.48535866 0.48404297 0.48619628 0.48544085 0.48252952 0.48676646
 0.48628774 0.488243   0.48644775 0.48730215 0.4881501  0.48902425
 0.48729765 0.49011707 0.4900768  0.4897202  0.48979086 0.49132097
 0.4913737  0.49066192 0.4901881  0.4902299  0.49097827 0.49289936
 0.49078336 0.49134025 0.4932696  0.491876   0.4908694  0.49229997
 0.48845714 0.49104586 0.48993275 0.49003688 0.49137592 0.49256214
 0.48978344 0.49124053 0.48888513 0.489164   0.49105814 0.4891053
 0.4888025  0.49016368 0.48944864 0.49069026 0.48937786 0.49005237
 0.49071965 0.4907678  0.4921302  0.48884752 0.4888325  0.48998696
 0.49127188 0.49107656 0.48839405 0.48822317 0.49082026 0.49067572
 0.48921427 0.49041095 0.4900421  0.49076593 0.49054727 0.49189356
 0.48930535 0.49099526 0.48981723 0.48901415 0.4891148  0.4868972
 0.48788688 0.48599133 0.48573372 0.48698127 0.48426533 0.4839051
 0.4871882  0.48280734 0.48296526 0.48292136 0.48291743 0.48301142
 0.48122707 0.48178732 0.47972998 0.48123375 0.48148355 0.4802228
 0.48110437 0.4805064  0.48040262 0.47879082 0.47930294 0.4798113
 0.4760275  0.47851092 0.4792454  0.47914675 0.47761986 0.47862276
 0.48000568 0.47767577 0.47860667 0.4772412  0.47896412 0.4793582
 0.4785778  0.47850794 0.47868323 0.47940287 0.47864404 0.4756635
 0.4790041  0.4775271  0.47845286 0.4773816  0.47903374 0.47937974
 0.4784932  0.4793886  0.47814292 0.47869587 0.4795443  0.4778703
 0.47866446 0.47779506 0.47878653 0.47947755 0.47826198 0.47683796
 0.47728688 0.478935   0.4792354  0.47727722 0.475989   0.477974
 0.47651085 0.47668758 0.47775176 0.47662073 0.47730318 0.47827643
 0.47516254 0.47812524 0.47730643 0.47639242 0.47602466 0.47596842
 0.477299   0.4793481  0.47669023 0.47713947 0.47827122 0.47864917
 0.4793578  0.47705463 0.47810733 0.4786023  0.477242   0.47815514
 0.4777736  0.47849527 0.4788394  0.4801388  0.47893435 0.4809027
 0.47846964 0.47927123 0.47424155 0.4764597  0.4750916  0.4714812
 0.47456908 0.47233254 0.47495624 0.4737334  0.47374305 0.4751711
 0.4735187  0.47486338 0.4733308  0.47243163 0.4732948  0.47327036
 0.47381184 0.47411284 0.47263494 0.47174305 0.47385332 0.4729237
 0.47304925 0.47028995 0.4713635  0.47234446 0.473436   0.473763
 0.47313666 0.4731597  0.47512358 0.47182155 0.4731649  0.4739638
 0.47641176 0.47570774 0.47584316 0.474752   0.47525328 0.47337267
 0.47421223 0.47313207 0.4748061  0.47540858 0.47222757 0.4723489
 0.47346106 0.47440818 0.47330585 0.47371155 0.4730202  0.4735518
 0.4750309  0.47329876 0.4725677  0.4730844  0.47372344 0.47396624
 0.47438517 0.47220188 0.47303227 0.47146183 0.4743594  0.47113425
 0.47332072 0.47605196 0.47317705 0.47623423 0.4750982  0.47188586
 0.47376987 0.47326946 0.47502482 0.47481203 0.47301024 0.47294176
 0.47207877 0.47410846 0.47297004 0.47280097 0.47059923 0.47502267
 0.47285652 0.47577867 0.4738787  0.47266212 0.47368187 0.47402737
 0.47189167 0.4723724  0.47186553 0.47064295 0.47081158 0.47170448
 0.47203985 0.46972322 0.46850154 0.4686478  0.4646783  0.46606994
 0.46458986 0.46529162 0.46287987 0.46382672 0.4609434  0.4637976
 0.46038806 0.4612334  0.46058986 0.45958614 0.45895264 0.45995945
 0.45825157 0.45745787 0.45578438 0.45705393 0.45788553 0.4566929
 0.4573197  0.4571235  0.45509747 0.45664248 0.45739684 0.455507
 0.4570669  0.45675623 0.45709848 0.4564763  0.45938835 0.4599454
 0.4587099  0.4601559  0.45757902 0.46002215 0.4587754  0.45818338
 0.45781484 0.45990986 0.45982108 0.45812327 0.4616779  0.46208647
 0.46347082 0.46461433 0.46236467 0.46191326 0.4624238  0.46397632
 0.4606457  0.46091795 0.4635641  0.46253452 0.46153563 0.46272156
 0.46229    0.4603525  0.4627491  0.46011755 0.46058783 0.46172854
 0.46115726 0.4614668  0.46053118 0.4625754  0.46119952 0.4609972
 0.45995733 0.4647337  0.46340048 0.46347034 0.46242473 0.46058524
 0.46123493 0.46348873 0.46163294 0.46183813 0.46301004 0.46421692
 0.4615949  0.46151653 0.46069494 0.46191832 0.4608536  0.46115884
 0.46042362 0.46273804 0.46189597 0.46025443 0.45849887 0.45987174
 0.45890144 0.45582914 0.4554542  0.45420924 0.45351133 0.45439017
 0.45359284 0.45215008 0.4533936  0.45187786 0.45193276 0.453478
 0.45268685 0.4546535  0.45030066 0.45013306 0.45036185 0.45108375
 0.45039508 0.45130867 0.45029122 0.4491849  0.44620746 0.44674358
 0.4492917  0.44898626 0.44911084 0.44907665 0.44638187 0.44785732
 0.44894844 0.4471152  0.44993004 0.45248088 0.44999576 0.45206022
 0.45135516 0.44932806 0.44884998 0.45076197 0.45074302 0.44813436
 0.45082712 0.4488947  0.4527438  0.44966254 0.44866523 0.44947502
 0.45133862 0.45307028 0.4491583  0.44921902 0.44953486 0.45009124
 0.45008978 0.44770053 0.44765738 0.45010656 0.4484613  0.44902653
 0.4475057  0.44767612 0.44655234 0.45112127 0.4505235  0.450468
 0.45111322 0.44773844 0.44921866 0.45102447 0.4502377  0.44962913
 0.45216146 0.44542795 0.4490504  0.44733083 0.4490747  0.44834545
 0.4492346  0.45114985 0.44907218 0.45079884 0.45030665 0.45224735
 0.4507434  0.450826   0.449518   0.447474   0.45073223 0.4486843
 0.4478812  0.44801044 0.4477407  0.44967493 0.4474597  0.44718653
 0.44859958 0.4465786  0.44703433 0.44511217 0.44362333 0.44370592
 0.43952432 0.44216502 0.44153887 0.44503704 0.44397998 0.44266114
 0.44344288 0.4449484  0.44339293 0.4431698  0.44241732 0.4408957
 0.44099277 0.4409159  0.4409397  0.440367   0.43670982 0.44011158
 0.43987384 0.44170684 0.4400823  0.44115603 0.4419687  0.44073793
 0.43936163 0.4388165  0.43939522 0.44239706 0.44149798 0.4434031
 0.44305637 0.4419996  0.44191185 0.44312042 0.4440612  0.44365627
 0.44390318 0.44462714 0.4434629  0.4444643  0.4453584  0.4441277 ]

Energy_consumption_df__96  
mse:0.5715557336807251, mae:0.5805855393409729, rse:0.7971530556678772, corr:[0.49976692 0.49158382 0.48230174 0.47377807 0.46650165 0.45973292
 0.4535551  0.44804722 0.44275808 0.43768165 0.43234622 0.4271896
 0.4228384  0.41880214 0.4150704  0.41200674 0.40956354 0.40749034
 0.4064693  0.40578735 0.40482554 0.40428504 0.40370336 0.40197304
 0.39824012 0.3929006  0.38747576 0.38314813 0.37957072 0.37664294
 0.37330723 0.37056354 0.36833134 0.36630705 0.3635123  0.36046422
 0.35763568 0.35478845 0.35303524 0.3512108  0.35018867 0.34954828
 0.3494578  0.34913942 0.34849867 0.3482017  0.34777468 0.3465029
 0.34402972 0.34135988 0.33916613 0.33751476 0.33621162 0.3345882
 0.3334187  0.33201468 0.33083096 0.33014473 0.33000925 0.32853642
 0.32794946 0.32739756 0.32708216 0.32699776 0.3266492  0.32703787
 0.32735175 0.32767206 0.32772353 0.326905   0.3261036  0.32550883
 0.32407382 0.32277018 0.3221266  0.32144344 0.3206556  0.3192467
 0.31856412 0.3179629  0.31735152 0.3170508  0.31645113 0.31582057
 0.31519288 0.3146905  0.3143863  0.31454775 0.31476557 0.31459513
 0.3148364  0.31483468 0.31459516 0.3142433  0.31379485 0.31324646]

Energy_consumption_df__192  
mse:0.6260724663734436, mae:0.6152398586273193, rse:0.8360320925712585, corr:[0.50066346 0.4922821  0.48280007 0.47416115 0.46663317 0.45971334
 0.4531058  0.44722933 0.4417255  0.43660942 0.4317641  0.42692837
 0.42253664 0.41848046 0.4148594  0.41200125 0.4096408  0.4077869
 0.40641344 0.40529457 0.40445903 0.4039145  0.40333614 0.40203804
 0.39821556 0.39293888 0.38766328 0.3828492  0.37880275 0.37562165
 0.3724585  0.36983624 0.3672684  0.36469626 0.3623876  0.36018497
 0.35781527 0.3555203  0.35347903 0.35182843 0.35056582 0.34964052
 0.3488151  0.34816477 0.34765828 0.34710452 0.3465704  0.34539336
 0.34306157 0.34001216 0.33738703 0.33524302 0.33347136 0.3322311
 0.3309914  0.32983962 0.32865345 0.32774153 0.32682657 0.3260403
 0.32531315 0.3246103  0.3240034  0.32348824 0.3231861  0.32296985
 0.32275933 0.3226354  0.32239544 0.32211006 0.3219192  0.3214263
 0.32047153 0.31916597 0.31781855 0.31669697 0.3158185  0.31504884
 0.31459635 0.31418425 0.31357434 0.3130974  0.31247684 0.31189653
 0.31134427 0.3109534  0.3103474  0.3099701  0.3096732  0.30930042
 0.30911466 0.30900958 0.30896083 0.30877194 0.30860913 0.3084283
 0.30820695 0.3079787  0.30818728 0.308525   0.30884904 0.30918077
 0.3094758  0.30963215 0.3098491  0.31013727 0.31014502 0.31034854
 0.31032124 0.31019413 0.3101581  0.31017405 0.3101964  0.3102975
 0.31029087 0.31027478 0.31052682 0.3105356  0.31069127 0.31103468
 0.31082562 0.3107194  0.31079054 0.3110883  0.31122568 0.31130305
 0.3112626  0.31113344 0.31095046 0.31069052 0.3106298  0.31048602
 0.31057385 0.31049386 0.31039593 0.31037018 0.31024584 0.31043658
 0.310363   0.3104635  0.31058428 0.31077778 0.31077474 0.3110531
 0.31048706 0.31000075 0.30971873 0.30973226 0.30999225 0.30990133
 0.30963814 0.30914214 0.30860886 0.3081104  0.30772668 0.3074574
 0.3072957  0.3070775  0.3066446  0.30639586 0.30642414 0.3063811
 0.30602965 0.30572635 0.30581257 0.30602175 0.3063684  0.30674103
 0.3065367  0.30572894 0.30531996 0.305005   0.30471736 0.30425486
 0.30404988 0.30368114 0.3033467  0.3031216  0.30295587 0.3026743
 0.30228066 0.30205107 0.30167383 0.3012278  0.30123228 0.3011715
 0.30121133 0.30138963 0.30161434 0.30185494 0.30233723 0.30273697]

Energy_consumption_df__336  
mse:0.6616995334625244, mae:0.6371488571166992, rse:0.8614225387573242, corr:[0.49562216 0.4871704  0.4776159  0.46886507 0.46123266 0.45423973
 0.4476853  0.44181463 0.43644732 0.4314488  0.42657748 0.4216381
 0.41734123 0.41330558 0.4097014  0.40677273 0.4044871  0.40262157
 0.40136534 0.40029132 0.39962855 0.39913672 0.39851925 0.39703837
 0.393346   0.38798854 0.38278937 0.37803826 0.3742405  0.371169
 0.36806056 0.3655067  0.36304855 0.3604241  0.35828024 0.35598373
 0.35374334 0.35174128 0.3497578  0.34822363 0.3470813  0.34610027
 0.34526214 0.34460163 0.3440188  0.34359348 0.3430712  0.3419288
 0.33949226 0.3365172  0.33397457 0.33220828 0.3307261  0.32950798
 0.32825872 0.32698378 0.32582134 0.3248054  0.3240881  0.32353255
 0.32276058 0.32231656 0.32198867 0.3217507  0.3214558  0.32104087
 0.32077006 0.32054427 0.3202907  0.3202827  0.32029477 0.320015
 0.31907144 0.31788397 0.31651747 0.3155959  0.3148497  0.31420225
 0.31353799 0.3130737  0.31249192 0.31196535 0.3113096  0.3109172
 0.31032717 0.3099192  0.30958202 0.30955705 0.30940887 0.30930415
 0.3092196  0.30904922 0.30914012 0.30892885 0.3089002  0.30864194
 0.30840847 0.30841184 0.30850422 0.30877557 0.30915272 0.3093903
 0.30977705 0.31014434 0.31037012 0.3105626  0.31073746 0.31073964
 0.31091017 0.31082317 0.31078038 0.31090143 0.31122097 0.3113275
 0.3113442  0.31122738 0.3111921  0.31109184 0.31120813 0.31104067
 0.3107384  0.31062213 0.3108109  0.31098932 0.31112948 0.31113583
 0.31101346 0.3109953  0.31053463 0.31041628 0.31025913 0.3100261
 0.30988005 0.30977166 0.30980664 0.3099094  0.30985582 0.30999416
 0.3103752  0.31039318 0.31039846 0.31052855 0.31037426 0.31040305
 0.30979812 0.3093314  0.30914652 0.3093295  0.30932873 0.30927628
 0.30910167 0.3085785  0.30797938 0.30734158 0.30681905 0.3065197
 0.30636317 0.30628008 0.30582318 0.30563283 0.30553702 0.3053952
 0.30529398 0.3051898  0.30505833 0.305087   0.3054144  0.30569243
 0.30556995 0.305129   0.3043545  0.30412072 0.30366015 0.30309317
 0.3027796  0.30232713 0.30191207 0.30138367 0.30095744 0.30054447
 0.30010286 0.2997089  0.29919556 0.29886153 0.29852137 0.29842237
 0.29874632 0.29878712 0.29911134 0.2995998  0.29994458 0.30026537
 0.29932594 0.2973615  0.29544622 0.29385325 0.2926776  0.2915891
 0.29102996 0.29023555 0.28963843 0.28912166 0.28870556 0.2882652
 0.28771064 0.28737926 0.28728572 0.2872779  0.2871356  0.28707752
 0.28722066 0.28759614 0.28802454 0.28844422 0.28872767 0.28898102
 0.28858602 0.28760403 0.28670147 0.28602475 0.28583232 0.28532654
 0.2848666  0.28441927 0.28393242 0.28371212 0.28311116 0.28253126
 0.28256077 0.2826224  0.28218842 0.2820767  0.2815803  0.2811547
 0.28085566 0.28053465 0.2804951  0.28055722 0.28054434 0.28062922
 0.27997798 0.2792401  0.27838925 0.27766603 0.2769853  0.27671492
 0.27647752 0.27611578 0.27560988 0.2752256  0.27497718 0.27491027
 0.2748298  0.27440593 0.2742599  0.27401876 0.27370423 0.27378651
 0.2736805  0.27362174 0.27373436 0.27385443 0.27401894 0.27411532
 0.27384442 0.2734126  0.27340207 0.27355546 0.27363333 0.27367467
 0.2735379  0.2733644  0.27326557 0.27314818 0.272915   0.2726162
 0.27219102 0.2720524  0.27176812 0.27176332 0.27161503 0.2713054
 0.2710465  0.2708638  0.27078134 0.27059636 0.27029428 0.2700697
 0.26989308 0.26963043 0.26935974 0.26947942 0.26953775 0.26940563
 0.2693008  0.26910487 0.26886746 0.2687288  0.26851243 0.26853392
 0.26855627 0.26850492 0.26854867 0.26848486 0.26821333 0.26807067
 0.2679552  0.2679035  0.267947   0.26831654 0.26898733 0.27009812
 0.27061036 0.2708043  0.27098763 0.27082455 0.27062157 0.2703587
 0.27033108 0.27005628 0.2698146  0.2696811  0.26955366 0.26966795
 0.26971328 0.2697256  0.27007863 0.2706702  0.27078503 0.27118218
 0.27197522 0.27311856 0.27475005 0.27651116 0.2787038  0.28047085]

Energy_consumption_df__720  
mse:0.6417339444160461, mae:0.6295775771141052, rse:0.8511949181556702, corr:[0.48037332 0.47267917 0.4638106  0.4557619  0.4488227  0.44245097
 0.43615544 0.4303065  0.4251068  0.4205332  0.41604578 0.41174206
 0.40798268 0.40449336 0.4012088  0.39872772 0.39656085 0.39467677
 0.39328328 0.39226428 0.39141458 0.39101383 0.39002734 0.38882545
 0.3851163  0.3801614  0.37538815 0.37066874 0.36687    0.36363304
 0.3608184  0.35844937 0.3564795  0.3540002  0.35189915 0.35008734
 0.34778515 0.3454557  0.34392506 0.34242424 0.34174666 0.34058073
 0.33941656 0.33879527 0.33769777 0.337128   0.33636245 0.33508015
 0.3327446  0.33041593 0.32845926 0.32709262 0.32604975 0.3249746
 0.32384953 0.32273257 0.32153326 0.32099694 0.32087412 0.32021353
 0.32002506 0.31997067 0.31970423 0.31884474 0.31825444 0.31811795
 0.31752828 0.3177471  0.31756258 0.31706616 0.31619543 0.31591034
 0.3154543  0.3136107  0.31144398 0.3104459  0.31045666 0.31013134
 0.3103846  0.31078756 0.31041655 0.31015703 0.30911845 0.30814895
 0.30741474 0.30742413 0.30728564 0.30677494 0.30591828 0.30501658
 0.30368572 0.30304784 0.301968   0.30134565 0.3011237  0.30140924
 0.30165333 0.30122572 0.3014143  0.301253   0.30137518 0.30179107
 0.3026811  0.30333388 0.30392483 0.30488732 0.30434003 0.30450714
 0.3036513  0.30371293 0.30370113 0.30380464 0.30390543 0.30384058
 0.3036955  0.30401516 0.3043549  0.30419245 0.30428317 0.30403697
 0.30341828 0.30310878 0.3033701  0.30377346 0.304061   0.3045735
 0.30500063 0.30499542 0.30496278 0.30437213 0.30456293 0.30451897
 0.3042163  0.30480534 0.30430022 0.303501   0.30364013 0.30418423
 0.30469313 0.30422947 0.3035247  0.30307665 0.30349272 0.30207455
 0.3015303  0.30186474 0.3019554  0.30243158 0.30319747 0.30338323
 0.30278337 0.3023458  0.30245635 0.30234724 0.3021615  0.30218053
 0.30337018 0.30327845 0.30322018 0.30316573 0.30294248 0.30228093
 0.30175075 0.30212224 0.3025856  0.30307087 0.30410892 0.30434948
 0.30354494 0.30332524 0.30295196 0.30283013 0.30155963 0.3011215
 0.30055222 0.29938275 0.29875582 0.29961592 0.29938233 0.29776812
 0.29658672 0.29663113 0.29633197 0.29581386 0.29525772 0.29516283
 0.2943455  0.29490784 0.29475138 0.29537293 0.29541263 0.29580203
 0.29564732 0.29333323 0.2911517  0.28885022 0.2869396  0.28625727
 0.2856058  0.28485888 0.2841514  0.28408262 0.28371468 0.28384665
 0.28343886 0.28335866 0.28365412 0.28354508 0.28399196 0.28371933
 0.28375858 0.28420916 0.28463867 0.28483227 0.2850595  0.28501695
 0.28429043 0.28397626 0.28304058 0.28195935 0.28083497 0.28073105
 0.2799141  0.27906007 0.2795417  0.2791025  0.27919552 0.27941504
 0.27903682 0.27931318 0.2799927  0.27999195 0.28014606 0.27995434
 0.2797227  0.27978808 0.2795177  0.27910936 0.27847913 0.278161
 0.27651623 0.27543753 0.27464053 0.2737799  0.2732985  0.27230084
 0.27279526 0.2726138  0.27243558 0.2724704  0.27225122 0.271736
 0.2713959  0.2707364  0.2701593  0.26951873 0.26916972 0.26918027
 0.2687504  0.2678119  0.2680456  0.26852575 0.26801425 0.26821584
 0.26776448 0.26767415 0.26743165 0.26750782 0.26808062 0.26836413
 0.2690829  0.2689555  0.26878557 0.26827806 0.2673418  0.2668573
 0.26665598 0.26679966 0.26621747 0.26576757 0.2654435  0.26521608
 0.26461133 0.26466063 0.2641791  0.26353547 0.26289508 0.26210725
 0.26136914 0.26083967 0.2607045  0.26038    0.26013273 0.2601056
 0.2600164  0.25962192 0.25943816 0.2602936  0.26020777 0.25952616
 0.25958553 0.25952923 0.26023823 0.26037553 0.26056853 0.26076302
 0.2612415  0.26246738 0.26404005 0.26431853 0.26458117 0.26572505
 0.2654251  0.2655226  0.265385   0.26550058 0.2656586  0.26598814
 0.26574385 0.26515657 0.26432684 0.26432773 0.26377812 0.26386458
 0.26356837 0.2645032  0.26437712 0.26471135 0.2654581  0.26537642
 0.2668155  0.26852643 0.2704983  0.2719089  0.27365246 0.2749658
 0.27585176 0.27590454 0.27541628 0.2748241  0.2752451  0.2751833
 0.27469552 0.27499986 0.275042   0.27464208 0.27432898 0.274297
 0.27434117 0.2742548  0.27451646 0.27590495 0.27723467 0.27838814
 0.27971083 0.28104112 0.28326204 0.2861366  0.28802958 0.29033688
 0.2917991  0.2928145  0.29299662 0.29294676 0.2928672  0.29298064
 0.2931461  0.2937422  0.29492992 0.29603922 0.29750085 0.29967558
 0.30158907 0.3034106  0.3050328  0.3076379  0.30923656 0.31089523
 0.31363845 0.31630182 0.319384   0.321852   0.3244506  0.3277465
 0.32897544 0.3296129  0.3301411  0.33085456 0.3309132  0.3310651
 0.33135456 0.33105543 0.3321849  0.33313894 0.3335798  0.33414546
 0.3350255  0.33590657 0.33730158 0.33816922 0.33944967 0.34093058
 0.34164393 0.34214976 0.34297526 0.34442452 0.34596163 0.3471921
 0.34735328 0.34713152 0.34720173 0.3473373  0.34775528 0.34769717
 0.34755152 0.34786785 0.3478078  0.34803566 0.34810352 0.3478613
 0.34825206 0.3486751  0.34845462 0.34795344 0.3483497  0.34819907
 0.34818935 0.347917   0.3479305  0.34786078 0.34814465 0.34814188
 0.34786457 0.34763405 0.34742862 0.3470621  0.3470883  0.34678125
 0.34697422 0.34720033 0.3476262  0.34800783 0.3476364  0.34818378
 0.34834492 0.3489532  0.3482852  0.3482849  0.34816417 0.34809747
 0.34838817 0.34892276 0.34824917 0.34836045 0.34843475 0.34875733
 0.34900463 0.34865215 0.3485223  0.3487646  0.34890282 0.34825152
 0.34801975 0.34800974 0.3482017  0.34861967 0.34890762 0.34847566
 0.34779236 0.34726688 0.34691185 0.34755436 0.3473241  0.34750038
 0.34792885 0.3479726  0.34827438 0.34807545 0.348026   0.34794742
 0.34773707 0.3476015  0.3476815  0.34749603 0.34748682 0.34697956
 0.34671178 0.34685752 0.34713593 0.34750235 0.34795773 0.34823692
 0.347707   0.34693566 0.3468764  0.3473688  0.34721088 0.3465664
 0.34686893 0.34652367 0.3462255  0.34586525 0.34517765 0.3442116
 0.34417766 0.3441589  0.34391487 0.34467566 0.3456427  0.34647667
 0.34700546 0.3476042  0.34773302 0.34779325 0.3475012  0.34758553
 0.3480465  0.3481809  0.347457   0.34728214 0.3470501  0.34720394
 0.34671256 0.34695    0.34706432 0.34702045 0.34613642 0.34602955
 0.3456082  0.34562647 0.34557354 0.3457101  0.34566516 0.345135
 0.34486273 0.34443444 0.3446271  0.3443679  0.3439823  0.34425715
 0.34445542 0.34502104 0.3453849  0.34474757 0.344632   0.34437323
 0.34465384 0.34486791 0.3446575  0.34464407 0.34335807 0.3425687
 0.34181365 0.34197032 0.34144604 0.34087688 0.34064844 0.34016746
 0.33966663 0.340098   0.340153   0.3406521  0.3406251  0.34119797
 0.3407783  0.34080172 0.34066463 0.34061205 0.34092617 0.34123385
 0.34139785 0.34107527 0.3402178  0.34010836 0.33997688 0.33950016
 0.33945525 0.3393134  0.3391593  0.3391425  0.3392522  0.3390627
 0.3387209  0.33883098 0.33906993 0.33892903 0.33877963 0.33889496
 0.3392361  0.3390768  0.33922365 0.33947065 0.3387961  0.3387427
 0.33858114 0.33769777 0.33786023 0.33806914 0.33786625 0.33778447
 0.33777264 0.33789083 0.3379788  0.33776876 0.3374931  0.33695477
 0.3365104  0.33626977 0.336744   0.33739245 0.33785212 0.33766747
 0.33764163 0.337251   0.33689108 0.33604023 0.33628917 0.33626223
 0.33632597 0.3363494  0.336809   0.3363893  0.33576483 0.3355037
 0.3355189  0.33570474 0.3355016  0.33501312 0.334648   0.33386436
 0.33360744 0.33269915 0.3327524  0.33315635 0.3333066  0.3333882
 0.3334904  0.33350092 0.33339313 0.33303484 0.33316058 0.33354712
 0.3333411  0.3333933  0.33331916 0.3331232  0.33299923 0.3334711
 0.33390075 0.3340091  0.33441994 0.33513045 0.33470955 0.33459044
 0.33402213 0.33428904 0.33411276 0.33427128 0.33443993 0.33451766
 0.33437538 0.3342939  0.3342298  0.3345115  0.33440292 0.33427927
 0.33441862 0.33409825 0.33402503 0.33360648 0.33350798 0.33372065
 0.33433336 0.33441895 0.33382174 0.33355948 0.33293754 0.33256236
 0.33199283 0.33133382 0.33106795 0.3304396  0.33003914 0.32975182
 0.3301272  0.33020988 0.3303287  0.3304332  0.3301874  0.329812
 0.32971233 0.32952663 0.33002338 0.32982883 0.3296307  0.32918295
 0.32909387 0.32896292 0.32824045 0.32783848 0.32700598 0.3266248
 0.32648596 0.3261863  0.32567966 0.32630405 0.32644832 0.32668898
 0.32673487 0.3268227  0.32643032 0.32631224 0.32577997 0.3262299
 0.32671824 0.3268847  0.32672733 0.3266005  0.32656115 0.326413  ]

Energy_consumption_df__96  
mse:0.5719597339630127, mae:0.582130491733551, rse:0.7974347472190857, corr:[0.4995578  0.49111885 0.4818955  0.47355673 0.46660936 0.46033686
 0.4543458  0.44916904 0.44397524 0.43948656 0.43464386 0.43006223
 0.42584628 0.42193732 0.41802248 0.4151971  0.41277686 0.41053772
 0.4089248  0.4075132  0.40639895 0.40606937 0.4055676  0.40384686
 0.40054423 0.39496312 0.38924256 0.38551784 0.3821406  0.3795828
 0.37643436 0.37419727 0.37032998 0.36768076 0.3646912  0.36214346
 0.359538   0.3576622  0.35545063 0.3541607  0.352971   0.35220167
 0.35192454 0.3516917  0.3512063  0.3504708  0.3498036  0.3488873
 0.34543312 0.3423517  0.33855608 0.3372979  0.33583233 0.33566162
 0.33516517 0.3342362  0.33317024 0.33219364 0.3315584  0.3315637
 0.3313747  0.33154312 0.33111924 0.33093905 0.33056816 0.33006522
 0.3298376  0.32895    0.3288885  0.32799187 0.32693592 0.3252233
 0.32371542 0.32196528 0.32043606 0.3180746  0.31771687 0.3183411
 0.31927335 0.3188939  0.31749594 0.31678334 0.3162597  0.31512928
 0.31401208 0.3133658  0.31378746 0.31325692 0.31202632 0.3112111
 0.31068918 0.31085882 0.31103128 0.31166574 0.31071714 0.3111166 ]

Energy_consumption_df__192  
mse:0.6257748007774353, mae:0.6146774888038635, rse:0.8358333706855774, corr:[0.5006789  0.49225116 0.4826076  0.4739497  0.46648437 0.45979795
 0.4533806  0.44772398 0.44244412 0.43757758 0.4323769  0.4273499
 0.42305967 0.41878322 0.41536725 0.4121643  0.4096751  0.40769398
 0.40619135 0.40519592 0.40428698 0.40347907 0.40316662 0.40217686
 0.39812294 0.3923719  0.3866718  0.38190058 0.3779012  0.3749774
 0.37180427 0.3688863  0.3662558  0.36378807 0.36131507 0.3588074
 0.35645974 0.3541984  0.3519526  0.35031044 0.34909624 0.34932306
 0.34898424 0.34889957 0.34773245 0.34696013 0.34600478 0.34491295
 0.34244448 0.33891425 0.33594355 0.33339286 0.3316252  0.3304497
 0.3290932  0.32771254 0.32640123 0.32590836 0.32588127 0.32503694
 0.32417732 0.32347506 0.32282004 0.3229595  0.32236266 0.32193428
 0.32311663 0.32355136 0.32298374 0.3224906  0.32228127 0.32187024
 0.32089567 0.32009494 0.318751   0.31747037 0.31675282 0.31617597
 0.31586012 0.31529555 0.31452435 0.31422612 0.3138296  0.31287697
 0.3121968  0.31143963 0.31117857 0.31115046 0.31132385 0.31130528
 0.3109786  0.3105235  0.31026384 0.3107616  0.3104197  0.31003353
 0.3091727  0.30910045 0.30961308 0.31059313 0.3107788  0.3111867
 0.3116643  0.31258363 0.3130728  0.31326556 0.3127841  0.313088
 0.3127972  0.31290567 0.3130942  0.31282404 0.31233683 0.31264633
 0.31215805 0.31185657 0.31165114 0.3115767  0.31157336 0.31155765
 0.31153297 0.3125392  0.31340405 0.314139   0.3141591  0.31447983
 0.31415638 0.31364578 0.31371042 0.3139414  0.31447065 0.31484267
 0.31440967 0.31436098 0.31422973 0.3141326  0.31391117 0.31387085
 0.31372446 0.31346136 0.31412798 0.31398252 0.31389332 0.31400412
 0.3127989  0.31157914 0.31113148 0.3116227  0.31198004 0.31190348
 0.31085417 0.31015548 0.30992514 0.30969688 0.30868772 0.30822042
 0.30821344 0.3076477  0.3077574  0.30819088 0.30843014 0.3076826
 0.30687547 0.3067078  0.30706453 0.3073832  0.30771902 0.30698213
 0.30646068 0.30506316 0.303968   0.3036717  0.30406862 0.30344906
 0.30308688 0.30284765 0.30209166 0.30111322 0.30036286 0.30073452
 0.30014813 0.29936627 0.2992012  0.29913118 0.29870665 0.2974552
 0.29733562 0.29704684 0.29778168 0.29812863 0.29774597 0.29755864]

Energy_consumption_df__336  
mse:0.6630939245223999, mae:0.6379643678665161, rse:0.8623296618461609, corr:[0.4956592  0.48707038 0.47754198 0.46891105 0.46122923 0.4543883
 0.44801378 0.44215977 0.43678346 0.4318351  0.42710745 0.42255196
 0.41799617 0.41378567 0.4101275  0.4070925  0.40459314 0.40281078
 0.40219897 0.40140468 0.4001501  0.39928865 0.39870033 0.39764085
 0.39377514 0.38858843 0.38381714 0.3792364  0.37516484 0.37201542
 0.369304   0.36630985 0.36345008 0.361185   0.35832998 0.35562584
 0.352159   0.35002956 0.34803444 0.34691033 0.3458244  0.3452061
 0.34473613 0.34401074 0.34340763 0.34315243 0.34264132 0.3410894
 0.3389594  0.33592063 0.33309993 0.33083323 0.32954395 0.3280173
 0.3263589  0.32536018 0.32378882 0.32178664 0.3206379  0.31961304
 0.3187332  0.31875166 0.31849974 0.31883988 0.31899717 0.31917363
 0.31953642 0.32022285 0.32005    0.3197336  0.31989324 0.319416
 0.3194719  0.31841385 0.31671324 0.31539968 0.3142349  0.31351623
 0.3129263  0.31289583 0.3121765  0.3113238  0.31073612 0.30991867
 0.30935642 0.30922928 0.30921215 0.3093311  0.30932394 0.309481
 0.30913988 0.3083026  0.30816972 0.30801743 0.3075772  0.3077572
 0.30746403 0.3070052  0.3066431  0.30640894 0.30688545 0.30764142
 0.30814713 0.30875167 0.30876818 0.30837023 0.3075355  0.30760714
 0.3080415  0.3080767  0.30794966 0.30827788 0.30853623 0.30903274
 0.30943567 0.30985597 0.30982864 0.3098115  0.30975178 0.30984455
 0.30999714 0.30982515 0.30986056 0.31005687 0.31015554 0.3102152
 0.30983216 0.30972332 0.30942118 0.30873156 0.30871367 0.30866545
 0.30769968 0.30748865 0.307409   0.3079217  0.3085391  0.30883992
 0.30898172 0.30947316 0.31001505 0.3113343  0.31199706 0.3124098
 0.3119795  0.31163558 0.31141832 0.3118788  0.3118035  0.31139368
 0.31086546 0.31070462 0.31034082 0.310172   0.30934793 0.30802488
 0.30680147 0.3066667  0.30683157 0.30703184 0.30700627 0.3072567
 0.3072573  0.30683678 0.3057742  0.30511248 0.3056894  0.30546147
 0.30576155 0.30456945 0.30351597 0.30326498 0.30332905 0.30273905
 0.30173266 0.30168205 0.3012753  0.30060565 0.29976448 0.30000263
 0.29932588 0.29776853 0.29771608 0.29761475 0.2980784  0.2983248
 0.2979158  0.29801676 0.29781204 0.29732785 0.29776472 0.29780212
 0.2972315  0.29525563 0.29373768 0.29300937 0.2923976  0.29233277
 0.29334605 0.29363462 0.2930147  0.29139385 0.29141718 0.2899747
 0.28833082 0.28690776 0.28576723 0.2857228  0.28556687 0.28620178
 0.28670835 0.28690302 0.28663662 0.28703853 0.2868926  0.28796864
 0.28764975 0.28709233 0.28646246 0.2853393  0.28519008 0.28526837
 0.28566816 0.28553462 0.28548086 0.2844525  0.2836523  0.2824602
 0.28226626 0.28204343 0.28173983 0.28104445 0.28123462 0.28115645
 0.28107193 0.2807559  0.2804591  0.2802041  0.28028995 0.2807652
 0.28035352 0.27881953 0.27789122 0.27668822 0.27593046 0.2760268
 0.2767085  0.27601227 0.27558947 0.27461603 0.2741257  0.27439973
 0.27458942 0.2741837  0.2739219  0.27364886 0.27382874 0.27411228
 0.27448305 0.27491456 0.2748241  0.2747694  0.27497682 0.2745216
 0.27418858 0.2742529  0.27410975 0.27455488 0.2749736  0.27554286
 0.2762077  0.27521172 0.2742116  0.27339593 0.2726565  0.27179363
 0.27133378 0.27160338 0.27195588 0.2719407  0.2720501  0.2715859
 0.27133664 0.27130646 0.2709324  0.27115336 0.2708934  0.27111298
 0.2711595  0.27101856 0.27051052 0.2697792  0.269695   0.26912823
 0.26909712 0.26870912 0.26825908 0.26824367 0.2681348  0.2678227
 0.26732913 0.26787195 0.2680658  0.26824617 0.26857665 0.26813433
 0.2677205  0.2676549  0.26776928 0.26806685 0.2684935  0.26959082
 0.26955473 0.26864287 0.26808828 0.26792616 0.26825115 0.26812467
 0.26856035 0.2680547  0.26788753 0.26791087 0.26835898 0.2680064
 0.2673318  0.2676583  0.26828638 0.26860148 0.26851764 0.26894164
 0.2693818  0.27112126 0.2731458  0.2748884  0.27645946 0.27835503]

Energy_consumption_df__720  
mse:0.6411161422729492, mae:0.6285884380340576, rse:0.8507850766181946, corr:[0.48031256 0.47252375 0.46373934 0.4559129  0.4491483  0.44311473
 0.43692052 0.43086174 0.42553565 0.42068213 0.4161514  0.41173488
 0.40781885 0.40389273 0.4004758  0.3971404  0.39496157 0.39316952
 0.39156696 0.39060107 0.38948992 0.3887984  0.38822785 0.38718975
 0.38384208 0.37911135 0.37436983 0.3698193  0.36614153 0.36294568
 0.35997003 0.35758516 0.35508388 0.35357168 0.3515255  0.3497688
 0.34817368 0.34544957 0.34287575 0.34131527 0.34036827 0.3393935
 0.33871287 0.33837482 0.3369343  0.33601692 0.33589342 0.33485088
 0.33332545 0.33119917 0.32838905 0.32593295 0.32501787 0.3237283
 0.3227802  0.32186937 0.32022682 0.31928557 0.3186672  0.3182018
 0.31802005 0.31766295 0.3174454  0.31765014 0.317048   0.31677634
 0.31671157 0.31638137 0.3157228  0.31494617 0.31491137 0.3152135
 0.31438372 0.31331867 0.31231102 0.31141722 0.31077784 0.3104848
 0.30897924 0.30850416 0.3079874  0.30704135 0.30662745 0.30591047
 0.30554694 0.30599695 0.305827   0.30575696 0.3057872  0.30527994
 0.3047323  0.30435866 0.30463818 0.30446938 0.30429333 0.3034602
 0.30277923 0.30267972 0.3030955  0.30360812 0.30360165 0.3038151
 0.30446407 0.30475298 0.3045691  0.3051926  0.30560812 0.3060658
 0.3063983  0.3064463  0.30628508 0.30700585 0.30698788 0.3068473
 0.3071437  0.30677113 0.30606973 0.30533513 0.30511555 0.3047199
 0.30497065 0.30529392 0.30645397 0.3070302  0.3071212  0.30617183
 0.3058433  0.3051315  0.30457658 0.3044717  0.30438647 0.30515856
 0.30604613 0.30671296 0.30705962 0.3068446  0.3062114  0.30701742
 0.30668947 0.30656454 0.30579466 0.30523494 0.3040659  0.3030072
 0.3021584  0.3031566  0.30439156 0.3048137  0.30429745 0.3040126
 0.3036313  0.30191776 0.3008471  0.29974487 0.2993999  0.29908568
 0.2997374  0.29978165 0.29949674 0.29960203 0.29975656 0.29956847
 0.29941434 0.29933822 0.29921696 0.3004334  0.3009473  0.30195808
 0.30208674 0.30147547 0.29993397 0.29942295 0.29934862 0.29960233
 0.29826546 0.29734284 0.29754332 0.2973538  0.29640055 0.2961462
 0.29601946 0.29490736 0.2946911  0.29420975 0.29257387 0.29214144
 0.29191247 0.29280975 0.2930084  0.2934917  0.29426268 0.2945495
 0.29222852 0.29078674 0.2882159  0.28704453 0.28553697 0.28465864
 0.2831972  0.28231367 0.2826021  0.28296253 0.28161165 0.28083012
 0.27998477 0.27977008 0.28035665 0.2800548  0.27941722 0.27908486
 0.27815124 0.2782575  0.2787045  0.2792547  0.27940822 0.2793444
 0.2780684  0.2768578  0.27546802 0.27571276 0.27553788 0.27541733
 0.27620012 0.27627972 0.27599123 0.2755733  0.27477735 0.27314106
 0.27289915 0.2720483  0.27153233 0.2720819  0.27292356 0.27358884
 0.2745618  0.27403837 0.2742449  0.27365622 0.27302    0.27381793
 0.27314466 0.27193356 0.27120772 0.27075958 0.26936415 0.2680282
 0.2675767  0.2669594  0.26726454 0.26674795 0.267417   0.26681003
 0.26625845 0.26565626 0.2650218  0.2642487  0.26462337 0.26422504
 0.2636353  0.2628792  0.2621149  0.26200765 0.2614251  0.26176634
 0.26243967 0.26313317 0.26361057 0.26427415 0.26422638 0.2633852
 0.2640145  0.26418018 0.26380095 0.2633782  0.26259062 0.26298442
 0.26295102 0.2629325  0.26298884 0.26274455 0.26208958 0.2625503
 0.26283473 0.26307842 0.26231232 0.2619624  0.2621907  0.26255128
 0.26280522 0.2624667  0.26230404 0.26250362 0.26169923 0.26051652
 0.259933   0.2589838  0.25876132 0.258975   0.2587726  0.25849178
 0.25950634 0.26080295 0.26064542 0.26072493 0.26074564 0.2601783
 0.25892445 0.25916287 0.25881815 0.2596906  0.2608231  0.26221368
 0.26273885 0.26422906 0.26455396 0.26471573 0.2646038  0.26451704
 0.26391646 0.26360682 0.2633745  0.2631677  0.26216593 0.2634535
 0.26386383 0.26420197 0.264762   0.26542863 0.26587725 0.26640433
 0.2674297  0.26792896 0.2694498  0.2714377  0.27351782 0.27481747
 0.27541894 0.2754224  0.27591246 0.2754842  0.27528274 0.27470478
 0.27367452 0.2727762  0.2729888  0.2733882  0.27479962 0.2761943
 0.2761564  0.27609918 0.27650908 0.27669007 0.27660063 0.27705264
 0.2783077  0.2804335  0.2822424  0.2843944  0.2869949  0.28968298
 0.29210404 0.2938751  0.29503828 0.29611292 0.29597032 0.29531324
 0.29483166 0.29465106 0.29527068 0.29698178 0.29867506 0.29973024
 0.30131733 0.30310974 0.30557552 0.30808535 0.3094963  0.31145415
 0.31395707 0.31552657 0.3176006  0.32025608 0.32372385 0.32716483
 0.33034965 0.33188555 0.3331228  0.33341113 0.3339651  0.33474493
 0.3354086  0.33580482 0.33551097 0.33576423 0.33614826 0.3359441
 0.3365374  0.33726516 0.33840996 0.33993763 0.34112892 0.34210807
 0.34357864 0.3444059  0.34524447 0.34619266 0.34762686 0.34842476
 0.34884757 0.34905437 0.34930423 0.34937376 0.34904608 0.34938282
 0.34971195 0.34996623 0.3497433  0.34932712 0.34879234 0.34847853
 0.34873438 0.3493134  0.34938708 0.349395   0.34959865 0.34934595
 0.3490208  0.3489851  0.3484358  0.3481234  0.34766522 0.34815478
 0.34832987 0.3477892  0.3482243  0.3481049  0.34800255 0.34785405
 0.34798273 0.34793007 0.34803888 0.34764525 0.34750748 0.3470946
 0.34716257 0.34634802 0.345988   0.34647343 0.34727982 0.347578
 0.34755954 0.34760317 0.34783593 0.34789985 0.34809202 0.3482016
 0.34842262 0.34860727 0.34867343 0.3486217  0.34848696 0.34842902
 0.3486785  0.3481504  0.34839922 0.3484917  0.34816405 0.34827536
 0.3482316  0.34805578 0.34784865 0.34762755 0.34758478 0.34699988
 0.3471186  0.34700915 0.3474163  0.34777617 0.3478895  0.3478079
 0.34834892 0.34883747 0.348901   0.34909624 0.34864807 0.3483394
 0.34821978 0.34806082 0.34794733 0.34768027 0.3472398  0.34675056
 0.3459     0.34579766 0.3456344  0.34583476 0.3459485  0.345591
 0.34516734 0.34472138 0.34486288 0.34528723 0.34486476 0.34498227
 0.34535465 0.3459324  0.34651214 0.34692588 0.34746447 0.34765768
 0.34780884 0.34747308 0.34746066 0.34738696 0.34770465 0.347705
 0.3479236  0.34800532 0.3485811  0.34887534 0.34903875 0.34875572
 0.34778443 0.34744406 0.34759152 0.34777385 0.34793377 0.3485632
 0.34877327 0.34840646 0.34821814 0.3480236  0.34745115 0.34680787
 0.34638804 0.346136   0.34572142 0.3458518  0.3458768  0.34629497
 0.34630913 0.34588587 0.34524825 0.34459212 0.34421587 0.34252328
 0.3419735  0.3420993  0.3423857  0.34292036 0.34300348 0.34321514
 0.34386557 0.34362155 0.3439744  0.34379923 0.3437675  0.34318817
 0.34306094 0.34294048 0.34213883 0.34215853 0.34165993 0.34197018
 0.3422846  0.34257984 0.34260163 0.34274918 0.34320125 0.3428116
 0.34286717 0.34278205 0.34259865 0.34251246 0.3422057  0.342323
 0.34204707 0.3421998  0.3415722  0.34183028 0.34220356 0.342086
 0.34170765 0.34158352 0.34152633 0.34111273 0.3406799  0.3400021
 0.33860523 0.33822966 0.33810633 0.3381915  0.33866766 0.33898318
 0.33902937 0.3384505  0.33887032 0.33865765 0.33890948 0.3384667
 0.33821216 0.3378299  0.33788317 0.33785486 0.33713463 0.33628482
 0.33656928 0.3366299  0.33617926 0.33581707 0.3354179  0.3357484
 0.33550635 0.33491328 0.334446   0.33445337 0.33483347 0.33413157
 0.33382422 0.33366162 0.33376983 0.33352605 0.3332108  0.33236602
 0.3324018  0.33274788 0.33289135 0.33309498 0.33252513 0.33277217
 0.3330832  0.3332781  0.33308396 0.33267224 0.33203492 0.3311697
 0.3308005  0.33076897 0.33057502 0.3301993  0.3306055  0.33043692
 0.33038324 0.33051375 0.33097515 0.3319039  0.33210936 0.33275384
 0.33237714 0.3323717  0.33251026 0.33268115 0.33261222 0.3328604
 0.33278218 0.3332697  0.33314654 0.3327257  0.332382   0.33180666
 0.33187816 0.33290145 0.33360857 0.33330768 0.33309194 0.33310172
 0.3333978  0.33352864 0.33363345 0.3340791  0.33415443 0.33329022
 0.33271328 0.33258778 0.33231926 0.33169028 0.33094215 0.33030742
 0.32960758 0.32942456 0.3294262  0.32978782 0.33002064 0.32998496
 0.32985047 0.33044055 0.3310083  0.3312822  0.3310201  0.33059365
 0.3298844  0.3300579  0.3297805  0.32945293 0.32954714 0.3299926
 0.32930908 0.32876322 0.32772365 0.3283094  0.32785282 0.3274175
 0.3273685  0.3271932  0.32750973 0.3271209  0.3271682  0.3268978
 0.32676226 0.3266173  0.32708934 0.32688957 0.3263114  0.32560244
 0.32476282 0.324806   0.3248458  0.32596582 0.32691061 0.3269288 ]

Energy_consumption_df__96  
mse:0.5705627202987671, mae:0.5805345773696899, rse:0.7964602708816528, corr:[0.4997127  0.49156433 0.48245725 0.47408527 0.4669224  0.46038136
 0.45413417 0.4484069  0.44325098 0.4383681  0.4335909  0.4287783
 0.42447016 0.42042574 0.41686037 0.4137582  0.41128254 0.40923044
 0.40772673 0.40663847 0.40586078 0.40513262 0.40446773 0.40325207
 0.39977106 0.3948466  0.39000368 0.38539714 0.38171196 0.37870592
 0.37544617 0.37281105 0.37046915 0.36797822 0.3656052  0.36318377
 0.36091042 0.35871425 0.35657024 0.35490602 0.353525   0.3524195
 0.3515792  0.35083213 0.35029063 0.34958506 0.3490414  0.3476842
 0.3453951  0.34249118 0.33992168 0.33788943 0.336451   0.335073
 0.33380473 0.33262438 0.3315524  0.33063495 0.3297915  0.32887384
 0.3281121  0.32743424 0.32681057 0.32650608 0.32621482 0.32616043
 0.3259504  0.32597408 0.3258443  0.3255858  0.32526267 0.32470542
 0.3236816  0.32238853 0.32100672 0.3200311  0.3192249  0.3184741
 0.31784323 0.31739625 0.31685963 0.31639728 0.31576538 0.31519383
 0.3145827  0.31440473 0.31388563 0.313647   0.31361714 0.31354544
 0.3133118  0.31310147 0.31288698 0.31269923 0.3126684  0.31237763]

Energy_consumption_df__192  
mse:0.6260977387428284, mae:0.6154883503913879, rse:0.83604896068573, corr:[0.5005319  0.49220675 0.48275048 0.47408098 0.46646324 0.4596512
 0.4531154  0.44728708 0.44194093 0.43688092 0.43199757 0.42735344
 0.4231573  0.41917965 0.41563287 0.41258213 0.4103036  0.40843108
 0.40697196 0.4059454  0.4052453  0.40464297 0.404009   0.40274224
 0.39897788 0.3935023  0.3882617  0.38332734 0.37936217 0.37634826
 0.37325984 0.37041897 0.36803013 0.3654576  0.36300272 0.36071098
 0.35846618 0.3564808  0.35461345 0.3530107  0.35174236 0.35080862
 0.349977   0.3491094  0.34818396 0.3476472  0.34705466 0.34592548
 0.34363392 0.34056017 0.33781993 0.33566296 0.3340575  0.3328014
 0.33133477 0.32959563 0.32825312 0.32726565 0.32644    0.3255949
 0.32499257 0.32410437 0.3235364  0.3229967  0.3227066  0.32263324
 0.3223165  0.32223606 0.32211375 0.32194766 0.32173392 0.32149208
 0.32050017 0.3190192  0.317824   0.31672022 0.3159546  0.3150522
 0.31475997 0.31418064 0.31326693 0.3125743  0.3121091  0.31171083
 0.31146958 0.31116307 0.31075633 0.31043145 0.31031936 0.30990192
 0.30962673 0.30965623 0.309512   0.3094489  0.30959395 0.3094938
 0.30896616 0.30869502 0.30922928 0.30957636 0.31021395 0.3103996
 0.31031924 0.31024182 0.31039232 0.31086054 0.31087175 0.31089205
 0.31083155 0.3106844  0.31061274 0.31093168 0.31092957 0.31129703
 0.31120747 0.3111239  0.31119594 0.3114337  0.31175676 0.3115233
 0.31130114 0.3112735  0.31122056 0.31157717 0.311519   0.31160745
 0.31157994 0.31126612 0.31092677 0.31090155 0.31050196 0.3102969
 0.3102286  0.31025055 0.31051907 0.31077412 0.31080145 0.31074265
 0.31098858 0.31107706 0.3109601  0.3111365  0.31140795 0.31182677
 0.3117699  0.31138676 0.31144658 0.311398   0.31164658 0.31164613
 0.31147704 0.3108476  0.31033325 0.3095166  0.30901483 0.30869213
 0.30827004 0.307742   0.30759442 0.30761644 0.3079     0.30756167
 0.30726308 0.3074177  0.30760682 0.30739796 0.3075589  0.30769917
 0.30727634 0.30644408 0.30600348 0.3059101  0.30576852 0.30532822
 0.3050002  0.30474648 0.30407184 0.3036291  0.30358517 0.30320063
 0.30277985 0.30191407 0.30155563 0.30148056 0.30184934 0.3017119
 0.30174673 0.30136687 0.30189455 0.30225983 0.3024778  0.30278143]

Energy_consumption_df__336  
mse:0.6609126925468445, mae:0.6365150809288025, rse:0.860910177230835, corr:[0.49556145 0.4871832  0.4776882  0.46886954 0.46116248 0.4542242
 0.44761774 0.44173634 0.43629852 0.4312479  0.4262993  0.42161852
 0.41732886 0.4133523  0.40983307 0.40679857 0.4043014  0.40241733
 0.40111694 0.40004322 0.39923042 0.3986765  0.3980968  0.3967273
 0.39309588 0.3877354  0.38244453 0.3775982  0.37365714 0.3705476
 0.36751926 0.36501193 0.3625411  0.3600799  0.35772648 0.35546458
 0.35329592 0.35115454 0.34922457 0.34778446 0.3467631  0.34589022
 0.34519202 0.3445792  0.34406948 0.34363627 0.3431972  0.3422748
 0.3401533  0.3372942  0.33456707 0.33264425 0.3310423  0.3296668
 0.32837301 0.3270824  0.32580847 0.32480654 0.3240831  0.32360262
 0.32304257 0.3224676  0.3220637  0.32169783 0.32144168 0.3212432
 0.32109383 0.32096553 0.3208125  0.32075244 0.32053164 0.32022285
 0.31967252 0.318452   0.31722242 0.3163145  0.31560054 0.3148242
 0.31435075 0.31391048 0.3135304  0.31316328 0.31263927 0.31208292
 0.31159756 0.3112858  0.31096622 0.31087574 0.31066784 0.31018543
 0.30973554 0.30951065 0.3094537  0.30945012 0.30948782 0.30916983
 0.30892128 0.30891028 0.30920032 0.30966303 0.31005415 0.31035933
 0.3105303  0.31082794 0.31107914 0.31146073 0.31177172 0.31186342
 0.3119518  0.31174618 0.31164256 0.3116554  0.3117815  0.31163654
 0.31156328 0.31159952 0.3116596  0.31181762 0.31176764 0.31162724
 0.31141812 0.31126606 0.31121922 0.3115449  0.311757   0.311864
 0.3118637  0.31159428 0.31126326 0.3112523  0.31097916 0.3107335
 0.3107342  0.3106502  0.3103463  0.3100149  0.30980593 0.30969954
 0.3095272  0.30920148 0.30930132 0.30918705 0.30922103 0.3094325
 0.30913913 0.30837604 0.3081338  0.30816644 0.3084073  0.3083016
 0.30806944 0.30747822 0.30692318 0.30670518 0.30641705 0.30621642
 0.30615467 0.3057576  0.30537534 0.30522597 0.30478573 0.30477387
 0.30476734 0.30452722 0.304369   0.30452806 0.30506897 0.30530983
 0.3048417  0.3042593  0.3038699  0.30345875 0.3028583  0.30199578
 0.30182338 0.30148515 0.30104777 0.3008629  0.30076084 0.30064395
 0.30041942 0.29994902 0.2993784  0.29889753 0.29875317 0.29860437
 0.29850557 0.29841918 0.29864746 0.29904446 0.29941058 0.29995862
 0.29921994 0.2976348  0.2957355  0.29389912 0.29263026 0.291548
 0.29103088 0.29047334 0.28998047 0.28952602 0.28914362 0.28888854
 0.28847364 0.28830338 0.28799045 0.28763133 0.28726307 0.28699616
 0.28719556 0.28714696 0.28736526 0.28748837 0.2880057  0.2883832
 0.28842312 0.2876904  0.2870909  0.28634778 0.28597727 0.28557023
 0.28505746 0.28457686 0.28418198 0.28388888 0.2834781  0.2834734
 0.28334793 0.28332654 0.282808   0.28241253 0.28185132 0.28141448
 0.28120762 0.2808859  0.2807313  0.28044668 0.28050533 0.28043696
 0.27989045 0.27885324 0.27787247 0.27702668 0.27619973 0.2756563
 0.27551162 0.2752455  0.27477708 0.27461398 0.27441922 0.27424932
 0.27399248 0.27399138 0.27372578 0.27364388 0.27338704 0.2731624
 0.27303076 0.27291596 0.2728954  0.27291262 0.27319396 0.2732805
 0.27317372 0.27309075 0.2728419  0.27312586 0.27298704 0.27292207
 0.27283752 0.2728277  0.27276638 0.27276754 0.27270037 0.27247894
 0.2721712  0.27213883 0.27197197 0.2717389  0.27117494 0.27076912
 0.27038583 0.27005786 0.2700253  0.2699231  0.2697704  0.2695683
 0.26928133 0.26899153 0.2689042  0.26900494 0.26899073 0.26883364
 0.2687262  0.2682907  0.26799548 0.26781482 0.26775593 0.26791766
 0.26797873 0.26806837 0.2682136  0.2678386  0.26759472 0.2671765
 0.26703006 0.26713243 0.26720744 0.26771337 0.26828942 0.26932994
 0.26986283 0.27048397 0.27064547 0.27061686 0.27041897 0.27027094
 0.2703004  0.27009228 0.26971555 0.26949975 0.26944956 0.26967785
 0.27013254 0.27051747 0.2706653  0.2711284  0.27140847 0.271784
 0.27260682 0.27381977 0.2754037  0.27735302 0.27934784 0.28105742]

Energy_consumption_df__720  
mse:0.6405827403068542, mae:0.6287781000137329, rse:0.8504311442375183, corr:[0.4806388  0.4728519  0.46402243 0.45609087 0.4492874  0.44298255
 0.43691897 0.43140838 0.42627662 0.42155907 0.41684642 0.4122711
 0.40843302 0.40489256 0.4015378  0.3986779  0.3963717  0.39453268
 0.39326632 0.39205477 0.3913187  0.3908275  0.3899705  0.388666
 0.38541037 0.3804734  0.3756322  0.37102824 0.3674113  0.3644015
 0.36149392 0.3588711  0.3566526  0.35414565 0.3520489  0.3498238
 0.34792757 0.3456051  0.34363908 0.34209004 0.34099543 0.34001055
 0.33942494 0.33873415 0.33819026 0.33780682 0.3371062  0.33577853
 0.3333433  0.3304878  0.32808724 0.32661146 0.32561946 0.32453454
 0.32379955 0.32306424 0.32212085 0.32103387 0.32008705 0.31933177
 0.31860018 0.31792477 0.31747863 0.31720474 0.31729984 0.31715512
 0.31677857 0.3167175  0.31673792 0.3163063  0.3157284  0.3154965
 0.314807   0.31359786 0.3125408  0.31200308 0.3117626  0.3113686
 0.31093174 0.3106426  0.30972165 0.30897942 0.30843678 0.30807236
 0.3077269  0.30747363 0.30722398 0.30726957 0.3071114  0.30671448
 0.30629915 0.30615312 0.30604336 0.30567428 0.30536202 0.30533865
 0.30478355 0.304681   0.3047076  0.3050871  0.30566454 0.30625245
 0.30666426 0.30699778 0.30671978 0.3067547  0.30680615 0.30695704
 0.30715534 0.3071321  0.30718556 0.30700573 0.30671033 0.30671084
 0.30655247 0.30644348 0.30631635 0.30630365 0.30649295 0.30671862
 0.30676934 0.30676287 0.30696365 0.30692482 0.30729237 0.30723307
 0.3071845  0.3070622  0.30677897 0.30622828 0.30612203 0.30619258
 0.30607453 0.30609912 0.3060643  0.3058611  0.30553877 0.3053958
 0.30531475 0.30556515 0.30534253 0.30557403 0.30587232 0.30561352
 0.305671   0.30552194 0.30546838 0.3052973  0.30534744 0.3054565
 0.30528742 0.3046919  0.3045654  0.30397525 0.30339998 0.3027819
 0.30255327 0.30202878 0.3013009  0.3011911  0.30109027 0.30054957
 0.30063367 0.3005238  0.3005396  0.30108374 0.30176726 0.30218717
 0.3019205  0.30189404 0.3013843  0.3012414  0.30111706 0.3005441
 0.30012327 0.29955667 0.29889816 0.29858503 0.29815966 0.29780897
 0.2976699  0.29748273 0.29725346 0.29697922 0.2967288  0.29628247
 0.29605135 0.29643098 0.2966064  0.29689607 0.29743594 0.29762158
 0.29705015 0.29502052 0.2929314  0.29156178 0.29048446 0.28912506
 0.28825757 0.28778988 0.28668377 0.28616428 0.2852839  0.28520402
 0.28475806 0.28410202 0.28394106 0.28386033 0.28391883 0.2839204
 0.2842658  0.2845563  0.28484818 0.28505084 0.28540343 0.28537074
 0.2848285  0.2839362  0.28263143 0.28196165 0.2816322  0.28142598
 0.28086063 0.27998632 0.27908802 0.27816722 0.27762857 0.27714446
 0.27657303 0.2762553  0.27594757 0.2757304  0.2756208  0.2758722
 0.27598405 0.2763283  0.27650833 0.27613357 0.27613956 0.2759822
 0.27480176 0.27321923 0.27262315 0.27217883 0.27158478 0.27131602
 0.27102062 0.2703599  0.26937944 0.2688469  0.26841947 0.2675352
 0.2673741  0.2672887  0.26732042 0.2674017  0.26715067 0.2672211
 0.26696676 0.26670498 0.26649228 0.26624522 0.26614377 0.2659023
 0.26581573 0.26574695 0.26594535 0.26641095 0.2667521  0.2670735
 0.2668766  0.2666545  0.2660887  0.2658706  0.2653309  0.26496288
 0.26466417 0.26474032 0.26486567 0.26451018 0.26410997 0.26362073
 0.26375532 0.26356137 0.26329067 0.2628243  0.26243398 0.26194218
 0.26163757 0.26165006 0.26139498 0.26147196 0.2615349  0.26151705
 0.26131734 0.26071057 0.26046005 0.26033112 0.26049426 0.26065674
 0.260905   0.26081753 0.26088116 0.26096117 0.26050243 0.2600709
 0.25988245 0.25999436 0.26025966 0.2608513  0.26139066 0.26215208
 0.26286778 0.26331082 0.2636174  0.26375395 0.2639895  0.2635959
 0.2629272  0.26273417 0.26243377 0.26241288 0.26260594 0.26294228
 0.26292998 0.26338568 0.26429442 0.26450548 0.26485413 0.26517582
 0.26591954 0.26726186 0.26866415 0.27058247 0.27251646 0.27440882
 0.27529103 0.2750154  0.2745042  0.27443245 0.27384195 0.2735753
 0.2734929  0.273567   0.27361056 0.2738367  0.2742807  0.27472672
 0.27534863 0.27589604 0.27661145 0.2771072  0.27798787 0.27911657
 0.28001648 0.2811554  0.28297532 0.2854657  0.2884836  0.29115662
 0.29223058 0.29321384 0.29381886 0.29377475 0.2934886  0.29330784
 0.29370984 0.29390857 0.29485598 0.29618466 0.29764605 0.29914197
 0.3009414  0.3030522  0.3052228  0.30701494 0.30933726 0.31146678
 0.31394824 0.31639662 0.31922993 0.3224849  0.32595322 0.32860312
 0.3305326  0.33094338 0.33093864 0.33115196 0.3311505  0.33137858
 0.33161956 0.33178324 0.33242056 0.3324927  0.33249518 0.33350337
 0.33405057 0.3347652  0.33551165 0.33669478 0.33774054 0.3388436
 0.33997852 0.34128827 0.34257382 0.34403163 0.34550446 0.34706265
 0.34781864 0.34800914 0.3480598  0.34819624 0.34808916 0.34803626
 0.3481564  0.3483533  0.34820065 0.34800747 0.34796223 0.34780985
 0.3477662  0.34785885 0.34775114 0.34796545 0.34746775 0.34731314
 0.34737265 0.3476185  0.3479843  0.34811804 0.34789538 0.34793338
 0.34768254 0.34764484 0.3478673  0.3480001  0.3479755  0.34798566
 0.34805614 0.34806865 0.3482125  0.3484943  0.34831497 0.34851566
 0.34878847 0.34899577 0.3491781  0.3494045  0.349255   0.34907967
 0.34906977 0.34884426 0.34892696 0.34887832 0.34878212 0.34832412
 0.3480278  0.34800896 0.3479822  0.348135   0.34825218 0.34845614
 0.34854254 0.3485561  0.34862795 0.34882823 0.34890422 0.3490391
 0.34912893 0.34935123 0.34947082 0.34937662 0.34943745 0.34933135
 0.34914494 0.3490864  0.3492881  0.34935874 0.349141   0.34888193
 0.34846702 0.34815285 0.34820166 0.34812686 0.34775218 0.34737128
 0.34700543 0.3465508  0.3468067  0.34670523 0.34672725 0.3469323
 0.34699705 0.34721774 0.3471973  0.34720606 0.34704792 0.34685138
 0.34665015 0.3463723  0.3462042  0.34594843 0.3456136  0.34566048
 0.3458616  0.34617165 0.34626055 0.34637955 0.34651735 0.34650174
 0.34647387 0.3461744  0.3459469  0.3464106  0.34682873 0.34716156
 0.3471284  0.34678733 0.3467743  0.34661978 0.34650612 0.34662968
 0.34655863 0.34639284 0.34634194 0.3463458  0.34644008 0.34631255
 0.34603998 0.34553668 0.3450739  0.34496805 0.34510815 0.34516132
 0.3450468  0.34488446 0.34501606 0.34469563 0.3444056  0.34477782
 0.34512165 0.34530646 0.3452485  0.34530577 0.34526104 0.3448835
 0.344742   0.34451354 0.34421855 0.34403393 0.3437179  0.3431371
 0.34304374 0.34282795 0.34245053 0.34223032 0.34195593 0.34183097
 0.34193912 0.34175235 0.34171602 0.34155402 0.3411317  0.34138978
 0.34129557 0.34126636 0.34124607 0.34137365 0.34140098 0.34165245
 0.34169635 0.34161082 0.3415109  0.34136438 0.3409461  0.340727
 0.34046492 0.3399792  0.33982444 0.3398946  0.3397353  0.33945566
 0.33949977 0.33958656 0.33979118 0.3394992  0.33938876 0.339115
 0.33881658 0.33876285 0.3386705  0.33884242 0.3391466  0.3392514
 0.33938324 0.33872038 0.3385058  0.33824226 0.3379673  0.33776927
 0.33772993 0.33766505 0.337597   0.33766836 0.33781296 0.33762616
 0.3374834  0.33736813 0.33731404 0.33737183 0.33696154 0.3367367
 0.33644378 0.3362022  0.33633906 0.3363523  0.33632872 0.33635294
 0.33601025 0.33574954 0.33561695 0.3355322  0.33538    0.33554327
 0.33519518 0.33499172 0.33471683 0.3347393  0.33468622 0.33476725
 0.33461642 0.3345148  0.33453968 0.33442184 0.33405575 0.33396924
 0.33375248 0.33376834 0.33380732 0.33385548 0.33385757 0.33393195
 0.3337926  0.33380526 0.33385497 0.33375007 0.33374518 0.33394215
 0.33408827 0.33408263 0.33415157 0.33416754 0.33402905 0.33409417
 0.33396915 0.33375847 0.33363587 0.33362573 0.3334756  0.3335077
 0.33360466 0.33369717 0.3337292  0.3338231  0.33391857 0.3337265
 0.33376858 0.33383247 0.3339777  0.3340738  0.33417857 0.33442682
 0.33459145 0.33425516 0.33360088 0.33299053 0.33186543 0.3313062
 0.3308881  0.3307239  0.3305663  0.3305305  0.3304408  0.330297
 0.33014163 0.33031362 0.33056825 0.3308125  0.33087307 0.33095482
 0.33086464 0.33067456 0.33032137 0.32994214 0.32978815 0.3293118
 0.3288013  0.32796764 0.3274538  0.32675937 0.32611254 0.3255395
 0.32500893 0.3250366  0.3250951  0.32512045 0.3247489  0.3248913
 0.32472208 0.32447258 0.32479402 0.32488388 0.32487214 0.3248316
 0.32517803 0.32506835 0.3249137  0.32496494 0.3250211  0.32459438]

